Country name,Life Ladder,Log GDP per capita,Social support,Healthy life expectancy at birth,Generosity,Freedom to make life choices,Perceptions of corruption,Confidence in national government
Afghanistan,3.782937527,7.517126083,0.520636737,52.24000168,0.244272724,0.530935049,0.775619805,0.435440153
Albania,5.5101242070000005,9.246655464,0.784501791,66.95999908,-0.17226187899999998,0.601512134,0.8476752040000001,0.364893705
Angola,4.360249996,8.699498177,0.7525928620000001,53.20000076,-0.124064885,0.456028581,0.906300485,0.237090692
Argentina,6.468387127000001,9.863960266,0.901776373,67.66000366,-0.143875062,0.747498393,0.816546202,0.41825547799999996
Armenia,4.319711685,8.924141883999999,0.6764464379999999,65.51999664,-0.20153889100000003,0.5018637779999999,0.8925443890000001,0.285362303
Australia,7.195585727999999,10.66322899,0.9445990320000001,72.40000153,0.265168518,0.935146272,0.368251741,0.420419186
Austria,7.400688647999999,10.70440388,0.9451423879999999,71.68000031,0.11593899099999999,0.919703901,0.770585775,0.376573861
Azerbaijan,4.9107718469999995,9.673333168,0.761873245,63.88000107,-0.16071149699999998,0.598859072,0.763154805,0.707989275
Bangladesh,4.724443913,7.903443812999999,0.581765294,61.54000092,-0.028887972,0.66768229,0.7648944259999999,0.705811918
Belgium,6.935122012999999,10.62246037,0.92711705,71.04000092,-0.053328025999999994,0.8552666309999999,0.7575725320000001,0.44011718
Benin,3.1934688089999996,7.5261535639999995,0.5230273010000001,52.25999832,-0.08822233199999999,0.768971086,0.805977643,0.5820804829999999
Bolivia,6.018894672,8.664394378999999,0.7808194159999999,61.68000031,-0.009273426999999999,0.86237967,0.8397014140000001,0.43529263100000004
Bosnia and Herzegovina,4.773144722,9.203286171,0.778859854,66.77999878,-0.013100526000000001,0.41978931399999997,0.95342195,0.19495232399999998
Botswana,4.835938931,9.564126015,0.836743116,54.45999908,-0.209501565,0.7994102240000001,0.8144228459999999,0.6622377629999999
Bulgaria,4.222297192,9.665997505,0.837966621,65.90000153,-0.173897162,0.641256452,0.938208699,0.34292280700000005
Burkina Faso,3.95500803,7.3274221420000005,0.743765771,50.77999878,-0.06050337099999999,0.621848702,0.726286888,0.617090106
Cambodia,3.8987069130000003,7.939874172000001,0.605528593,59.25999832,0.245497048,0.9555957909999999,0.890136123,0.82517308
Cameroon,4.2446341510000005,8.013411522,0.74283731,49.09999847,-0.035121001,0.766064227,0.898028791,0.533314586
Canada,7.415144444,10.64052105,0.9481283429999999,72.51999664,0.28257176300000003,0.9179611209999999,0.46560183200000005,0.523448169
Chad,4.03297472,7.5821666720000005,0.672866464,45.74000168,-0.047020427999999996,0.562908113,0.884475827,0.30277133
Chile,6.599128723,9.967881203,0.8552355770000001,69.18000031,0.18632897699999998,0.7336109279999999,0.7821174259999999,0.34326779799999996
Colombia,6.374879837000001,9.379259109,0.914372623,66.13999939,-0.013808967,0.8278681040000001,0.868371546,0.35738286399999997
Comoros,3.955640316,7.259981155,0.719217896,55.34000015,-0.073209994,0.5340409279999999,0.651009262,0.464862645
Congo (Brazzaville),3.919341803,8.570007324,0.622330368,54.95999908,-0.147098094,0.772510767,0.7996537090000001,0.541932642
Congo (Kinshasa),4.63922739,6.560744762000001,0.7695459720000001,50.77999878,-0.017429415,0.557286203,0.8074066040000001,0.43757021399999996
Costa Rica,7.272250175,9.538064002999999,0.902206898,70.09999847,0.048832808,0.92891407,0.794301391,0.280074805
Croatia,6.027634621,9.920677185,0.775817871,68.09999847,-0.244161829,0.541909754,0.923860013,0.311118603
Cyprus,6.180507183,10.36377907,0.767177105,72.68000031,0.092312515,0.724629581,0.870691717,0.3364124
Czech Republic,6.334149361000001,10.25861073,0.91242677,68.37999725,-0.155507952,0.739808738,0.956799686,0.169811338
Denmark,7.519909382000001,10.69957066,0.951437175,70.83999634,0.13419172199999999,0.932627916,0.187407613,0.534252763
Dominican Republic,4.753311157,9.349662781000001,0.879158199,64.23999786,-0.062621355,0.840129375,0.727300286,0.43158412
Ecuador,5.960716248,9.242050171,0.785201013,67.12000275,-0.08701530800000001,0.8252751229999999,0.729978859,0.637234926
Egypt,4.204156876,9.192422867000001,0.736645103,60.31999969,-0.144803181,0.45154336100000003,0.880383074,0.601901174
El Salvador,5.934371471,8.804447174,0.806014717,64.59999847,-0.153194159,0.6827448009999999,0.786294818,0.312310934
Estonia,5.363927841000001,10.15393448,0.889454544,67.22000122,-0.196030051,0.696825743,0.7928527,0.272975951
Finland,7.420209408,10.59445572,0.9277393820000001,70.87999725,-0.00570858,0.920968115,0.360733956,0.5979415770000001
France,6.649365425,10.52749729,0.93709743,72.59999847,-0.153478965,0.8413203359999999,0.607905269,0.44062534
Gabon,3.97205925,9.6902771,0.736096144,56.15999985,-0.211889133,0.565965831,0.8101196890000001,0.36471766200000005
Georgia,4.254445553,8.972251892000001,0.532586455,64.91999817,-0.252974212,0.65872401,0.320887595,0.6108416320000001
Germany,6.7023620610000005,10.66480923,0.926406622,71.05999756,0.066865228,0.9044404629999999,0.67923671,0.5169281960000001
Ghana,5.0572619439999995,8.1976614,0.68511188,54.86000061,0.046872314000000005,0.679418445,0.8978361490000001,0.576750815
Greece,5.0963540080000005,10.10087299,0.81214112,71.62000275,-0.306134254,0.37261042,0.958908975,0.126218989
Guatemala,5.855717182,8.839147568,0.802148998,62.81999969,0.017802276000000002,0.865472019,0.8209239840000001,0.502455831
Guinea,3.651554823,7.429018497,0.542295277,50.43999863,0.008407498000000001,0.646187842,0.794450223,0.557172477
Haiti,4.4134750369999995,7.368234158,0.74866271,41.41999817,0.289213806,0.482485861,0.7171663640000001,0.367326528
Honduras,4.602218151000001,8.327683449,0.779194891,65.94000244,0.00354071,0.7004520890000001,0.8714371320000001,0.26335296
Hong Kong S.A.R. of China,5.483764647999999,10.82731628,0.8264256720000001,75.28047943,0.211643279,0.879752457,0.379783154,0.49790594
Hungary,4.683358192,10.02491188,0.906113982,65.91999817,-0.142413616,0.56923151,0.930297315,0.209778264
Iceland,7.590660095,10.59492397,0.978965282,72.76000214,0.239700317,0.9046545029999999,0.7585856320000001,0.257335573
India,4.720146656,8.482096672,0.510574579,58.0,0.055298599999999996,0.609320104,0.829614758,0.539206505
Indonesia,5.36777401,9.132506371,0.8336211440000001,60.84000015,0.342558473,0.7703193429999999,0.96158886,0.672580957
Iraq,4.659508705,9.590554237000001,0.730118215,59.11999893,-0.056442745,0.314564615,0.78919065,0.33984631299999996
Ireland,6.964645386,10.71382141,0.9617859129999999,71.69999695,0.29874143,0.90219456,0.572632253,0.34587270000000003
Israel,7.110854626,10.32817173,0.9034155009999999,72.51999664,0.150700644,0.681439221,0.862327278,0.343569756
Italy,5.8393139839999995,10.46958542,0.86948663,72.87999725,0.110555314,0.570094943,0.9083236459999999,0.28069460399999996
Kazakhstan,5.759469509,9.998175621,0.8917166590000001,61.24000168,-0.18164201100000002,0.8398323059999999,0.876681805,0.726160645
Kenya,4.547335148,7.864265442000001,0.83141011,56.61999893,0.080638863,0.627654195,0.911273062,0.40184477
Kosovo,5.639588356,9.034389496000001,0.7571471329999999,63.57281876,0.020952613999999998,0.635793388,0.94965142,0.31239897
Kyrgyzstan,5.207785606,7.962011337000001,0.8561817409999999,61.93999863,-0.057281565,0.7027316690000001,0.892036796,0.513287067
Latvia,5.125025272,9.944048882,0.8511952159999999,65.12000275,-0.04060765,0.563811779,0.894979358,0.191219807
Lithuania,5.771037102,10.08786297,0.918690145,64.90000153,-0.277095586,0.503027141,0.956959248,0.145729542
Luxembourg,6.964097023,11.40205193,0.913907707,72.05999756,0.053239107,0.9165209529999999,0.402753204,0.7436705229999999
Macedonia,4.639647484,9.354412079,0.798305035,66.66000366,-0.08397294599999999,0.613055706,0.919845164,0.369646579
Madagascar,3.5506095889999996,7.2232594489999995,0.6730883120000001,56.63999939,-0.051045172,0.487007886,0.8535904879999999,0.35005539700000005
Malawi,4.279269695,6.946744442000001,0.603725672,52.43999863,0.161339447,0.637362719,0.885784984,0.471810192
Malaysia,5.914283752,10.02529716,0.841218948,65.91999817,0.002716395,0.8480718140000001,0.846618474,0.761775732
Mali,4.313016891,7.498283862999999,0.823435068,49.11999893,-0.085860699,0.7042192820000001,0.786719501,0.48643791700000005
Mauritania,4.673203945,8.149764061,0.763332725,55.13999939,-0.003726507,0.487372756,0.707005799,0.383974999
Mexico,7.320185184,9.704709053,0.767279446,66.86000061,-0.095760457,0.7877683040000001,0.633281112,0.3614088
Moldova,5.995712757000001,8.330985069,0.826219797,61.93999863,-0.002011025,0.602418542,0.955484569,0.21462217
Mongolia,4.885150433,9.188996315,0.9185160990000001,60.79999924,0.09400819199999999,0.688311696,0.9323859809999999,0.310268313
Montenegro,5.218724251,9.55154705,0.704032779,67.41999817,-0.191350937,0.46170637,0.755059719,0.355399817
Morocco,4.969656467,8.823402405,0.67582494,64.09999847,-0.197672457,0.756784618,0.8449347620000001,0.525867641
Nepal,4.233244896,7.651288509,0.733602345,59.59999847,0.07856758700000001,0.637778401,0.88349402,0.439799935
Netherlands,7.470715522999999,10.72351742,0.9388846759999999,71.63999939,0.28282368199999997,0.8771186470000001,0.433753788,0.574513912
New Zealand,7.249629973999999,10.41539097,0.9300286170000001,72.23999786,0.28298702800000003,0.901853085,0.28929793800000003,0.61469996
Nicaragua,5.448006153,8.401390076,0.894054413,65.94000244,0.018677294,0.8503049020000001,0.643578768,0.5733956689999999
Niger,3.798088312,6.760259627999999,0.700107574,50.43999863,-0.050190695,0.7344309090000001,0.7773408890000001,0.534528375
Nigeria,5.492954254,8.582878113,0.817579567,47.11999893,0.05498847,0.651688874,0.900431395,0.30356168699999997
Norway,7.678277016,11.05094433,0.9476574059999999,72.23999786,0.128627837,0.9465658659999999,0.36804267799999996,0.663340509
Pakistan,5.131565094,8.38193512,0.5420380229999999,56.63999939,0.15038733199999998,0.366844118,0.842024505,0.228680417
Panama,6.859835625,9.822350502,0.89739114,68.69999695,0.008150788,0.7831825020000001,0.7957966329999999,0.36155623200000003
Paraguay,5.820058346000001,8.897328377000001,0.931004941,64.73999786,0.215980485,0.748206615,0.77365911,0.296063691
Peru,5.824557304,9.300539017,0.7640715840000001,66.66000366,-0.088603899,0.703000546,0.8668379190000001,0.272202104
Philippines,5.0019650460000005,8.697647095,0.812921703,61.0,0.047976606,0.914499581,0.7711676359999999,0.758208573
Poland,5.87593174,10.05268764,0.9359238740000001,67.62000275,-0.03269821,0.811301708,0.8878958229999999,0.26862874600000003
Portugal,4.9939622880000005,10.15835667,0.86603862,71.19999695,-0.09924101800000001,0.773821414,0.959288418,0.230625153
Romania,5.1668748860000004,9.814766883999999,0.7400431040000001,65.63999939,-0.11308287800000001,0.644536138,0.959486127,0.23637628600000002
Russia,5.620735645,10.13286877,0.901295125,61.84000015,-0.303510815,0.609104156,0.937517941,0.452001721
Senegal,3.668736935,7.690368176000001,0.711077392,57.02000046,-0.024531322,0.668252289,0.851879895,0.6451075079999999
Serbia,5.154521942,9.464881897,0.8194304109999999,66.51999664,-0.131628886,0.46057468700000004,0.951667845,0.223251179
Slovakia,5.91105938,10.17421913,0.925751448,67.27999878,-0.038721785,0.6200042960000001,0.9065321679999999,0.368380159
Slovenia,6.062891006,10.23913479,0.924753785,69.59999847,-0.022012195,0.904386282,0.8907541040000001,0.238065988
South Africa,5.133887768,9.410440445,0.9065951109999999,52.41999817,-0.17093914699999999,0.590144992,0.838216782,0.42587745200000005
Spain,6.290690422000001,10.34525871,0.937023342,73.13999939,-0.06326709700000001,0.7545861009999999,0.8435930009999999,0.339146554
Sri Lanka,4.224593163,9.208340645,0.8243572709999999,66.30000305,0.155217215,0.800397217,0.822879076,0.777017355
Suriname,6.269286632999999,9.624583244,0.797262073,62.24000168,-0.07657465299999999,0.885488451,0.7512828709999999,0.72176528
Sweden,7.560147762000001,10.67609787,0.929397464,72.05999756,0.125826225,0.944382191,0.253543109,0.6264972089999999
Switzerland,7.776208877999999,10.93577576,0.94686389,72.77999878,0.13308765,0.9454280140000001,0.323240787,0.769940197
Tajikistan,4.496571541000001,7.751204014,0.728590906,62.72000122,-0.073647104,0.749034524,0.7170977590000001,0.9215180279999999
Tanzania,4.006897448999999,7.708782672999999,0.8320564029999999,53.77999878,0.20423518100000002,0.577453315,0.8869979379999999,0.41464510600000004
Thailand,6.300235271,9.578331947,0.906098127,65.94000244,0.37302619200000003,0.8469328279999999,0.908612072,0.702815235
Tunisia,4.463531017,9.249967575,0.614422798,65.45999908,-0.188796028,0.567737222,0.899453163,0.435219467
Turkey,5.309076309,9.917490959,0.7392805809999999,64.87999725,-0.22047071199999999,0.47090321799999996,0.701850235,0.53099966
Uganda,4.309237957,7.383019924,0.884721696,52.04000092,0.091249466,0.649463236,0.8375458720000001,0.396223307
Ukraine,5.030342102,9.026679039,0.897573471,62.79999924,-0.203787565,0.5636497739999999,0.8962370159999999,0.236936122
United Kingdom,6.880784035,10.51577282,0.934574962,71.45999908,0.367420435,0.888970494,0.425169915,0.421262175
United States,7.026226997,10.83013153,0.903192282,68.66000366,0.20624339600000002,0.822662294,0.71003443,0.348855615
Uruguay,6.449728489,9.824302673,0.864693701,68.27999878,0.05741559,0.870590031,0.615349591,0.584287286
Venezuela,7.066577435,9.780121803,0.931629658,65.77999878,-0.20164363100000002,0.80410856,0.743374348,0.539273024
Vietnam,5.53456974,8.480765343,0.775008678,66.81999969,-0.108108044,0.856053472,0.814884901,0.8564537170000001
Yemen,4.0606007580000005,8.241021156,0.681678295,54.29999924,-0.17852664,0.705815315,0.793232739,0.598434687
Zambia,5.013374805,8.163204193,0.780022562,51.58000183,-0.0030851190000000003,0.787760317,0.806394398,0.5941137670000001
Zimbabwe,4.955100536000001,7.534424305,0.896476209,49.54000092,-0.075712129,0.469531178,0.8586905,0.407083839
