Country name,Life Ladder,Log GDP per capita,Social support,Healthy life expectancy at birth,Generosity,Freedom to make life choices,Perceptions of corruption,Confidence in national government
Afghanistan,3.572100401,7.522237777999999,0.48355186,52.56000137,0.070402659,0.577955365,0.8232040999999999,0.48284727299999997
Albania,4.550647736,9.258444786,0.759476721,67.23999786,-0.130644977,0.631830275,0.862904966,0.338094711
Angola,3.937106848,8.730367661,0.7215907570000001,53.90000153,-0.092934482,0.409554869,0.8163754940000001,0.547732353
Argentina,6.582260132,9.877256393,0.9098742009999999,67.83999634,-0.126476035,0.737250388,0.822900295,0.433749259
Armenia,4.277191162,8.952596664,0.723260045,65.68000031,-0.181962714,0.504081845,0.8997967840000001,0.260400474
Australia,7.364169121000001,10.67169762,0.9282051920000001,72.5,0.26027953600000003,0.933379173,0.43153902899999996,0.455871463
Austria,7.498802662,10.6987648,0.9498091940000001,71.81999969,0.166400507,0.921734452,0.6789368990000001,0.417099237
Azerbaijan,5.481178283999999,9.716747284,0.7696901559999999,64.12000275,-0.18864432,0.6719569559999999,0.6988195779999999,0.7489237190000001
Bangladesh,4.660161018,7.95006752,0.530139685,61.95999908,-0.010207727,0.741518021,0.742774189,0.7360269429999999
Belarus,5.876466273999999,9.778838158,0.922505975,64.04000092,-0.18531525100000001,0.7234312890000001,0.653039157,0.507824779
Belgium,7.10366106,10.61957264,0.9091861840000001,71.16000366,0.013638751000000001,0.8907110690000001,0.573664308,0.554124534
Benin,3.479412794,7.567681313,0.5768230560000001,52.54000092,-0.06181385,0.783240497,0.8559555409999999,0.546921372
Bhutan,5.5690917970000005,8.86372757,0.818948984,59.59999847,0.361772269,0.810201466,0.8024281259999999,0.979500771
Bolivia,5.767428875,8.714517593,0.80273807,62.02000046,-0.061413950999999994,0.8459316490000001,0.811856568,0.433674455
Bosnia and Herzegovina,5.123664379,9.238420486,0.766827762,66.81999969,0.041607015,0.39034158,0.969836235,0.11344639999999999
Botswana,4.128298759,9.652990341,0.8555707929999999,55.24000168,-0.160602555,0.767357409,0.748847783,0.654667675
Brazil,7.140282631,9.644256592,0.9104217290000001,65.27999878,-0.104778685,0.784814954,0.706954181,0.393331289
Bulgaria,3.993020535,9.680178642000001,0.829132318,66.0,-0.193329453,0.60321337,0.9620470999999999,0.17089231300000002
Burkina Faso,3.325949669,7.353917599,0.745216608,51.31999969,-0.006837949,0.741257429,0.7647214529999999,0.633678317
Cambodia,3.6744668480000002,7.994361401,0.650589585,59.63999939,0.162451386,0.940592945,0.811991632,0.7750558259999999
Cameroon,4.271038055,8.039212227,0.7601943609999999,49.5,-0.033451173,0.794075966,0.867257416,0.607353866
Canada,7.593793869,10.6534729,0.936239362,72.68000031,0.308129936,0.9160138959999999,0.406236142,0.505976021
Chad,3.507663012,7.604434967,0.714144647,46.06000137,-0.05853213,0.48821035,0.881972373,0.30965456399999997
Chile,6.74015379,9.998721123,0.862404704,69.31999969,0.075803965,0.7368873359999999,0.741154909,0.3072685
Colombia,6.606550694,9.417053223,0.9007778759999999,66.36000061,-0.075136222,0.8411731720000001,0.898202121,0.29270830800000003
Congo (Brazzaville),3.9549505710000004,8.578680992,0.67993468,55.34000015,-0.113282911,0.725815654,0.751723707,0.555940092
Congo (Kinshasa),4.497477055,6.608834742999999,0.829852045,51.22000122,0.029120654,0.480394155,0.912991524,0.202409595
Costa Rica,7.158000469,9.549329757999999,0.9020692709999999,70.30000305,0.021019099,0.897879303,0.812863111,0.26219371
Croatia,5.885462761,9.916960716,0.751262069,68.19999695,-0.205661803,0.626699686,0.936059833,0.257140577
Cyprus,5.438952446,10.30492973,0.744032085,72.81999969,0.09589079800000001,0.656267941,0.8673104640000001,0.274080217
Czech Republic,6.697655677999999,10.25343132,0.8880433440000001,68.51999664,-0.15745765,0.725945652,0.91589886,0.24254262399999998
Denmark,7.588606834,10.70469189,0.9647079709999999,71.05999756,0.210207686,0.920254648,0.170042172,0.391405106
Dominican Republic,5.015515327,9.384899139,0.878449142,64.45999908,0.019706247,0.888566077,0.7517508270000001,0.570757329
Ecuador,6.019206047000001,9.274765967999999,0.801250935,67.27999878,-0.19385552399999997,0.78679812,0.645848632,0.6208269000000001
Egypt,3.5585203169999997,9.191586494,0.6751881240000001,60.47999954,-0.148239717,0.473774552,0.913228452,0.292456508
El Salvador,6.3250632289999995,8.823185921,0.826858878,64.80000305,-0.148116946,0.71557045,0.7717508670000001,0.358650446
Estonia,5.367445946,10.17667389,0.900721788,67.48000336,-0.205494925,0.753558695,0.726356387,0.260637581
Ethiopia,4.44482708,7.18973732,0.602481663,55.79999924,-0.000997452,0.706796229,0.750478268,0.7748575209999999
Finland,7.444635868,10.58223915,0.940869093,71.12000275,0.034851782000000005,0.918625355,0.305770457,0.42059373899999997
France,6.66712141,10.52809525,0.9076908229999999,72.80000305,-0.12892994300000002,0.8777957559999999,0.6990693809999999,0.395130515
Gabon,3.800287008,9.711301804,0.733487546,56.84000015,-0.162731394,0.68249011,0.7804389,0.411837041
Georgia,4.348920822,9.018454552,0.5591657760000001,64.98000336,-0.238760307,0.722127616,0.34871360700000004,0.633562744
Germany,6.965125083999999,10.66696453,0.931420565,71.13999939,0.020103833,0.894312978,0.56579423,0.557760656
Ghana,4.965053082,8.24468708,0.6762892009999999,55.24000168,-0.058681678,0.793793738,0.880178452,0.48588830200000005
Greece,4.720251083,10.07517338,0.686650038,71.68000031,-0.27318894899999996,0.42596653100000004,0.941309869,0.143608585
Guatemala,5.984601498,8.854383469,0.8296504020000001,63.18000031,0.042661797,0.88400501,0.8167698379999999,0.467045605
Guinea,3.9017930030000003,7.44524765,0.566866577,50.65999985,0.098385654,0.692736626,0.8154816029999999,0.523243308
Haiti,4.62196207,7.395941734,0.648350894,45.97999954,0.28942734,0.610410035,0.668975711,0.355143219
Honduras,4.713358402,8.337487221,0.791960239,66.16000366,-0.020525899,0.698400378,0.867699742,0.253187001
Hungary,4.914466858,10.04841042,0.877318323,66.08000183,-0.11943166,0.673728287,0.911533177,0.32789593899999997
Iceland,7.501394272000001,10.62764359,0.967144907,72.83999634,0.304012835,0.9232077,0.712598741,0.456565946
India,4.427788734,8.531806946,0.552826345,58.29999924,0.07209941,0.740176618,0.8323563340000001,0.532654881
Indonesia,5.292237759,9.174015999,0.7937608359999999,61.06000137,0.364291638,0.7806907890000001,0.972668588,0.683505118
Iran,5.139579296,9.704015732,0.66370672,64.62000275,0.185000196,0.730214715,0.685038149,0.687470555
Ireland,6.760085106,10.72481155,0.955188334,71.80000305,0.327679008,0.883772016,0.558394194,0.28501555300000003
Israel,7.320563316,10.34980011,0.908515871,72.58000183,0.148229972,0.739001632,0.848537862,0.451302052
Italy,6.009373665,10.44056034,0.916296065,72.91999817,-0.104565948,0.499168754,0.942639291,0.145972148
Ivory Coast,3.739365578,7.965493679,0.708571136,47.09999847,-0.015238547,0.7391932609999999,0.691117585,0.57163626
Jamaica,5.708886623,8.990375519,0.864943385,66.45999908,-0.019144865,0.79319495,0.9307222959999999,0.292249411
Japan,5.959361553,10.52268124,0.923688352,74.33999634,-0.157917306,0.821416557,0.650498211,0.358106881
Kazakhstan,5.835483074,10.04205036,0.8890097140000001,61.75999832,-0.239924133,0.781591058,0.819989383,0.662005246
Kenya,3.795383215,7.894708157,0.824806035,57.18000031,0.22722679399999998,0.7083322409999999,0.8610033990000001,0.60929203
Kosovo,6.125758171,9.057710647999999,0.7207503909999999,63.84335327,0.108918831,0.568463147,0.935094595,0.361421138
Kyrgyzstan,5.40242672,8.045762062,0.850715518,62.36000061,-0.063735031,0.755036652,0.899560452,0.43592
Latvia,5.069770336,9.978767395,0.834022582,65.37999725,-0.075946189,0.630507529,0.836553633,0.23379966600000002
Lithuania,5.595689297000001,10.13237095,0.91251415,65.09999847,-0.240589797,0.5558152789999999,0.9363355040000001,0.38423827299999996
Luxembourg,7.130809307000001,11.41483116,0.9166832570000001,72.23999786,-0.059714578,0.789655447,0.30081176800000003,0.736690223
Macedonia,5.186190605,9.382424355,0.832253754,66.73999786,0.024955731000000002,0.640952647,0.860541105,0.430279344
Madagascar,3.815607071,7.218430519,0.672546744,57.06000137,-0.014520834,0.479550391,0.86770767,0.39685428100000003
Malawi,4.035084248,6.968064308,0.5631615520000001,53.45999908,0.070613295,0.751995265,0.856666088,0.641565204
Malaysia,5.770199776,10.05294991,0.830900133,66.08000183,0.24995121399999998,0.79131043,0.755383492,0.7544811370000001
Mali,3.6762771610000002,7.492049217000001,0.81969142,49.47999954,-0.050856695,0.664711058,0.754807353,0.604514003
Mauritania,4.199015141,8.179065704,0.741155803,55.45999908,-0.062545121,0.60280025,0.675553739,0.454325795
Mexico,7.4425463679999995,9.704125404,0.759138405,67.04000092,-0.16755531699999998,0.7387166620000001,0.614747047,0.395571351
Moldova,5.75605917,8.421093941,0.8028829690000001,62.25999832,-0.021718888,0.657734275,0.940632403,0.1450174
Mongolia,4.912928104,9.279871941,0.9347415570000001,61.09999847,0.12322138199999999,0.748014033,0.927854478,0.36531183100000003
Montenegro,5.074341774,9.585445404,0.735565186,67.58000183,-0.17494654699999998,0.5022649770000001,0.69337213,0.392235279
Morocco,5.142160416,8.853084564,0.597165704,64.40000153,-0.221429452,0.571629941,0.771112204,0.383581281
Nepal,4.6045765880000005,7.679690838,0.740098953,59.79999924,0.15982951199999998,0.72226578,0.877340496,0.45357030600000003
Netherlands,7.406550407,10.71866417,0.9247054459999999,71.76000214,0.2992917,0.9189958570000001,0.5045299529999999,0.542986929
New Zealand,7.280151844,10.42768669,0.9581534859999999,72.36000061,0.23303757600000002,0.944000423,0.312235802,0.543508649
Nicaragua,5.772274971,8.437874793999999,0.868216038,66.16000366,0.040467962999999996,0.8591490390000001,0.636246741,0.609894693
Niger,3.716329813,6.773170471,0.6958135959999999,50.95999908,-0.064000212,0.8253870609999999,0.710963428,0.6417530779999999
Nigeria,4.81786871,8.608688354,0.662943304,47.58000183,0.039995231,0.621587694,0.9053093190000001,0.303507507
Pakistan,5.138082504,8.403820992,0.607087076,56.86000061,0.084997393,0.44790959399999997,0.7918352479999999,0.260006875
Panama,6.86648035,9.871889114,0.8957198259999999,68.90000153,0.028136179,0.8113379479999999,0.814464629,0.41827589299999995
Paraguay,5.9362406729999995,9.015202522000001,0.9386472109999999,64.86000061,0.05795756,0.9089058640000001,0.902550995,0.37223771200000005
Peru,5.782557487,9.344018936,0.7967684859999999,66.83999634,-0.075147718,0.703041255,0.8698992729999999,0.219155595
Philippines,4.976925373,8.749375342999999,0.8464131359999999,61.20000076,0.016062148000000002,0.907458425,0.756388545,0.751474738
Poland,5.746131897000001,10.06711483,0.911934912,67.77999878,-0.143367842,0.775931358,0.915677428,0.163588136
Portugal,5.157688141,10.15247917,0.8671808240000001,71.40000153,-0.120431803,0.78803277,0.946257353,0.17921339
Romania,5.081584454,9.853186607,0.777552068,65.86000061,-0.13090615,0.654542148,0.95184356,0.24162335699999998
Russia,5.537177562999999,10.14843559,0.8808569909999999,62.25999832,-0.300293535,0.661185563,0.933804512,0.388303369
Senegal,3.647367001,7.694376469,0.822957873,57.47999954,-0.041121036,0.635539532,0.836612225,0.614916325
Serbia,5.101840496,9.495140076,0.828068733,66.68000031,-0.100974515,0.532839715,0.908122003,0.34011322299999996
Sierra Leone,4.514291286000001,7.4116296770000005,0.708426833,45.15999985,-0.064522095,0.719510674,0.8558626770000001,0.56014502
Singapore,6.53320694,11.27589321,0.807910562,75.45999908,0.10394257300000001,0.827102542,0.242398053,0.856165767
Slovakia,5.936527252,10.18794155,0.909378529,67.51999664,-0.062200695,0.597935796,0.9145399329999999,0.283493221
Slovenia,5.974888802000001,10.22639275,0.932119727,69.80000305,0.033471618,0.890059829,0.917839587,0.163433194
South Africa,3.660727262,9.42057991,0.8394244909999999,53.38000107,-0.085031547,0.714169025,0.799543023,0.510355353
South Korea,5.958809852999999,10.39049339,0.79669416,72.18000031,-0.05462034,0.641884267,0.831863225,0.34858638
Spain,6.150027275,10.33133125,0.928640485,73.26000214,-0.105050765,0.759356439,0.9158225659999999,0.18454965899999998
Sri Lanka,4.364694118,9.233931541,0.8091752529999999,66.40000153,0.262766182,0.834020317,0.842013538,0.750018179
Sweden,7.434010506,10.6799593,0.915648043,72.13999939,0.152734622,0.935910523,0.324481547,0.579855025
Tajikistan,4.966521263,7.799993992,0.7006428240000001,62.88000107,0.062291857,0.6931197640000001,0.76423651,0.892602265
Tanzania,3.8523948189999997,7.747787952,0.8034185770000001,54.52000046,0.045033730999999994,0.654182136,0.859005868,0.518418312
Thailand,6.231024742000001,9.600452423,0.926377833,66.16000366,0.449315608,0.781081975,0.9254300590000001,0.506152332
Trinidad and Tobago,6.167706966,10.35473633,0.8831804990000001,62.81999969,0.108773232,0.846941471,0.9476740359999999,0.38348442299999996
Tunisia,5.245604992,9.266637802,0.647967458,65.63999939,-0.219394356,0.536287725,0.8860269190000001,0.32076367699999997
Turkey,4.888177395,9.982795715,0.795451164,65.12000275,-0.23445962399999998,0.540723383,0.698064804,0.5383117789999999
Uganda,3.709578753,7.384492873999999,0.8782752159999999,52.86000061,0.062939182,0.76302135,0.8204808240000001,0.577862203
Ukraine,4.710802555,9.028688431,0.8965104220000001,63.09999847,-0.196966991,0.568715692,0.937324286,0.189184397
United Kingdom,6.918055057999999,10.52939415,0.936884105,71.54000092,0.342439383,0.905278027,0.568043172,0.37923163200000004
United States,7.249285221,10.83965302,0.92539686,68.63999939,0.26556313,0.79225564,0.7468940620000001,0.288647503
Uruguay,6.444464684,9.866334915,0.9172796609999999,68.41999817,-0.0529311,0.888278008,0.585632265,0.524399817
Venezuela,6.552796364,9.779354095,0.896301091,65.81999969,-0.234825477,0.64196521,0.837299705,0.38805553299999995
Vietnam,5.022698879,8.522068977,0.75947696,66.98000336,-0.024928119,0.91960746,0.771245837,0.8117462990000001
Yemen,4.217678547,8.26172924,0.693905294,54.29999924,-0.187923938,0.542547464,0.8851965070000001,0.387677372
Zambia,5.243995667,8.182190895,0.7613115309999999,52.31999969,-0.11529869599999999,0.769912362,0.7322675590000001,0.552761495
Zimbabwe,4.6901879310000005,7.565153598999999,0.7992738490000001,50.95999908,-0.079458289,0.5758842829999999,0.830936551,0.527755439
