Country name,Life Ladder,Log GDP per capita,Social support,Healthy life expectancy at birth,Generosity,Freedom to make life choices,Perceptions of corruption,Confidence in national government
Afghanistan,3.130895615,7.516955376,0.525568426,52.88000107,0.11318448199999999,0.508514047,0.871241987,0.409047514
Albania,4.813763142,9.278103827999999,0.6255869270000001,67.51999664,-0.028161517999999996,0.734648407,0.882704437,0.49878639
Angola,3.794837952,8.741480827,0.754615486,54.59999847,-0.157062218,0.37454155100000003,0.83407563,0.572345674
Argentina,6.671114445,9.841482162,0.917870402,68.01999664,-0.16044876,0.7450577620000001,0.8541916009999999,0.408961415
Armenia,4.453083038,8.983579636,0.7387635109999999,65.83999634,-0.20509801800000002,0.506487131,0.920390487,0.214914635
Australia,7.288550377000001,10.68160057,0.92379874,72.59999847,0.31003502,0.9229322670000001,0.44202137,0.464676231
Austria,6.9499998089999995,10.69920254,0.8989204759999999,71.95999908,0.11564018599999999,0.8850268720000001,0.566931307,0.40769541299999995
Azerbaijan,5.25153017,9.724067688,0.7994333509999999,64.36000061,-0.22851163100000002,0.732772946,0.65384531,0.778209925
Bangladesh,4.6355648039999995,7.997340679,0.577065051,62.38000107,-0.092973076,0.735512853,0.7893747090000001,0.7191014290000001
Belarus,5.8124008179999995,9.795022964,0.8802588579999999,64.62000275,-0.056135095999999995,0.647184551,0.68150872,0.507746696
Belgium,6.855329037000001,10.63007927,0.9435491559999999,71.27999878,-0.001687139,0.86095351,0.511975765,0.46911162100000003
Belize,5.955646515,8.987143517,0.756932497,62.22000122,0.004827182,0.8735690709999999,0.7821053859999999,0.384267181
Benin,3.347419262,7.601440907000001,0.506091297,52.81999969,-0.07284181599999999,0.775545776,0.8548269270000001,0.574232161
Bhutan,4.938578129,8.904687881000001,0.880341947,59.90000153,0.27709165199999997,0.834222496,0.650338471,0.9584923390000001
Bolivia,5.864798546,8.752238274,0.821344614,62.36000061,0.023150831,0.881058872,0.831854463,0.46856123200000005
Bosnia and Herzegovina,5.248954296,9.260727882000001,0.787651718,66.86000061,0.231976315,0.411937386,0.976339638,0.095099099
Botswana,4.031197071,9.674996376000001,0.859477818,56.02000046,-0.110951312,0.791371226,0.743073821,0.707628131
Brazil,6.980998992999999,9.640450478,0.898316443,65.54000092,-0.12523615400000002,0.713814318,0.710303426,0.355228692
Bulgaria,4.4384398460000005,9.699062347,0.885949194,66.09999847,-0.056858663,0.575595915,0.9546369309999999,0.140402734
Burkina Faso,3.481347799,7.366656302999999,0.742262065,51.86000061,0.005273402,0.709964514,0.800757825,0.54308641
Cambodia,3.88330555,8.046971321000001,0.693434179,60.02000046,0.23783905800000002,0.9375445840000001,0.8425551059999999,0.696742117
Cameroon,4.240441322,8.069768906,0.7777770759999999,49.90000153,-0.074609965,0.794645548,0.8558497429999999,0.609312952
Canada,7.30425787,10.67079449,0.9178363079999999,72.83999634,0.262353837,0.93889761,0.441735327,0.516953588
Chad,3.460182905,7.638511181,0.733066797,46.38000107,-0.08306525599999999,0.566795349,0.880934,0.36683344799999995
Chile,6.844238281,10.00763416,0.861552179,69.45999908,0.20803766,0.733326375,0.758497715,0.39953002299999996
Colombia,6.44878912,9.450613976,0.907402635,66.58000183,-0.094677046,0.801191449,0.886645734,0.298372507
Congo (Brazzaville),4.05601263,8.619398117000001,0.685934663,55.72000122,-0.14596320699999998,0.6616381410000001,0.808412731,0.48372632299999996
Congo (Kinshasa),4.414299965,6.666126251000001,0.822286069,51.65999985,0.025954241,0.556099296,0.8136760000000001,0.31167382
Costa Rica,7.247086048,9.573064804,0.914211214,70.5,0.012461432,0.926707387,0.7880374790000001,0.40445292
Croatia,5.380692482000001,9.920071602,0.645697773,68.30000305,0.130300209,0.518878043,0.917735159,0.15500845
Cyprus,5.627123833,10.30179977,0.770175993,72.95999908,0.053457368,0.715065658,0.868237555,0.24474032199999998
Czech Republic,6.4837298389999996,10.27916718,0.877915204,68.66000366,-0.169764236,0.800421,0.8968806859999999,0.339732826
Denmark,7.5075592989999995,10.71568489,0.956344306,71.27999878,0.11341865400000001,0.941572249,0.237218335,0.457836896
Dominican Republic,5.387331962999999,9.446442604,0.890588045,64.68000031,-0.021916852999999997,0.9045743940000001,0.760023475,0.5569823979999999
Ecuador,5.945851802999999,9.296648026,0.8309631940000001,67.44000244,-0.170592427,0.7191048259999999,0.660934925,0.648474455
Egypt,4.885072708,9.19824791,0.6185507179999999,60.63999939,-0.133438155,0.5779379610000001,0.749142587,0.703883886
El Salvador,5.856523514,8.837931633,0.797612131,65.0,-0.192817748,0.77801466,0.7814598079999999,0.315775812
Estonia,5.55598259,10.20779419,0.917101741,67.73999786,-0.15770036,0.773327112,0.652447462,0.414985895
Ethiopia,4.506646633,7.261595249,0.6404521470000001,56.40000153,0.086611576,0.693558931,0.7018002870000001,0.682011604
Finland,7.384571075,10.57176685,0.952016532,71.36000061,-0.005278334,0.933043957,0.265479892,0.468558848
France,6.466867924,10.53272915,0.877504528,73.0,-0.122516043,0.8034741879999999,0.6556374429999999,0.26380172399999996
Gabon,3.9180731769999997,9.721883774,0.828597128,57.52000046,-0.21549105600000001,0.606613815,0.781658471,0.318829358
Georgia,4.287508011,9.076712608,0.5584200020000001,65.04000092,-0.218929097,0.71978116,0.415525645,0.528196216
Germany,6.984214306,10.68190861,0.937558949,71.22000122,0.083833963,0.8986834290000001,0.473952919,0.601368845
Ghana,3.860351086,8.260647774,0.651468754,55.61999893,0.007108366999999999,0.676916063,0.9126823540000001,0.341002405
Greece,4.75623703,10.08920479,0.832333207,71.73999786,-0.28912001800000003,0.369156331,0.9302138090000001,0.18829274199999999
Guatemala,6.536030769,8.874507904,0.833974659,63.54000092,0.10562703,0.843398929,0.804462552,0.37320032700000005
Guinea,3.4124825,7.458611012,0.63771373,50.88000107,0.0133519,0.68355757,0.705246389,0.571207225
Haiti,3.888778448,7.410259247000001,0.554148793,50.54000092,0.284715652,0.508805454,0.70752126,0.325261921
Honduras,5.055726051000001,8.350270271,0.790214539,66.37999725,0.021705935,0.695982575,0.8343501090000001,0.329523891
Hong Kong S.A.R. of China,5.458050728,10.87406635,0.8335582020000001,75.73136139,0.212896392,0.8430823679999999,0.42295986399999996,0.45782268
Hungary,5.18056345,10.09251308,0.844735265,66.23999786,-0.15642684699999998,0.494474709,0.855361402,0.308385164
India,4.424379349,8.591399192999999,0.621466637,58.59999847,-0.038100276,0.809382915,0.832141995,0.7336190340000001
Indonesia,5.597375392999999,9.21064949,0.9048278329999999,61.27999878,0.396065295,0.71941328,0.970144212,0.653533399
Iran,4.682224274,9.736499786,0.644063771,64.86000061,0.21000179600000002,0.7668229940000001,0.639682412,0.744599879
Iraq,4.541502476000001,9.604972839,0.725150704,58.63999939,-0.038037392999999996,0.646006584,0.726008117,0.512633264
Ireland,7.018379211,10.7974987,0.9677446479999999,71.90000153,0.259822041,0.921629548,0.406036258,0.459882379
Israel,7.400570393,10.36413765,0.8890697359999999,72.63999939,0.091592588,0.7069746259999999,0.8180399540000001,0.44364184100000004
Italy,6.026585102,10.43252182,0.89789933,72.95999908,-0.06720639,0.623531222,0.919959545,0.309035748
Ivory Coast,3.570368528,8.024382591,0.710991681,47.40000153,-0.064787619,0.780773103,0.6713562609999999,0.6297488210000001
Jamaica,5.310538769,8.993581772,0.874231517,66.58000183,0.001044301,0.808973134,0.861132503,0.279506475
Japan,5.922620772999999,10.52774811,0.9000403290000001,74.51999664,-0.150382042,0.8380517359999999,0.617483139,0.37951529
Kazakhstan,5.970097542,10.06846523,0.79529345,62.27999878,-0.006787338,0.7994629740000001,0.805351257,0.603504002
Kenya,4.904579639,7.920532227000001,0.7654364109999999,57.74000168,0.18705540899999998,0.819018543,0.8491942290000001,0.635234892
Kosovo,5.000375271,9.070881844,0.7056323290000001,64.11388397,0.006206228,0.44139123,0.775200605,0.34445005700000003
Kyrgyzstan,5.252192974,8.065153122,0.898024797,62.77999878,0.376653016,0.736290097,0.896767378,0.36819616
Latvia,5.729115486,10.00659657,0.881255507,65.63999939,-0.046075948,0.670653164,0.803687513,0.229044721
Lebanon,5.233025551,9.534694672,0.758719444,65.51999664,-0.009085189,0.657207966,0.939358175,0.24338696899999998
Liberia,4.571419239,6.690494061,0.708301783,53.27999878,0.017495414,0.5904508829999999,0.868966281,0.34881407
Lithuania,6.125723839,10.17573357,0.908239841,65.30000305,-0.26756894600000003,0.507947206,0.956347883,0.344657153
Luxembourg,6.89112711,11.44737625,0.875469446,72.41999817,0.09927851,0.937987685,0.366286784,0.662738323
Macedonia,5.203825951000001,9.41723156,0.792998135,66.81999969,0.03488455,0.64474082,0.860599697,0.440928251
Madagascar,3.6756269930000003,7.224040031,0.655214131,57.47999954,-0.019201847,0.528805017,0.79105562,0.509788871
Malawi,4.563080311,6.994269847999999,0.511616111,54.47999954,0.053241409,0.7857667209999999,0.824017882,0.61981827
Malaysia,5.962921618999999,10.09388638,0.8630670309999999,66.23999786,0.225337282,0.808384359,0.844815433,0.631384254
Mali,3.9747142789999996,7.531102657000001,0.843123436,49.84000015,-0.035047229,0.651513875,0.6579305529999999,0.6232779620000001
Malta,6.45211792,10.36867332,0.941215873,72.08000183,0.39837718,0.903936625,0.669645309,0.721220315
Mauritania,4.4828052519999995,8.203957557999999,0.852777958,55.77999878,-0.038983911,0.468318135,0.589483082,0.349493027
Mauritius,5.6477799420000006,9.812241554,0.784822047,65.30000305,0.167742044,0.8242303129999999,0.879405558,0.56246227
Mexico,6.679831028,9.718518257000001,0.781964958,67.22000122,-0.097106457,0.7791329029999999,0.629851162,0.327582031
Moldova,5.917058468,8.468586922,0.8049688340000001,62.58000183,-0.066144489,0.623186231,0.924806714,0.177369043
Mongolia,4.824834824,9.336853981,0.9434366820000001,61.40000153,0.133003503,0.752354145,0.908596814,0.337257385
Montenegro,5.282720566,9.602154732,0.862930357,67.73999786,0.09743303800000001,0.50266552,0.768465519,0.402112842
Namibia,4.573991298999999,9.171328545,0.762783587,55.15999985,-0.189334795,0.849354982,0.790228367,0.779543757
Nepal,4.975014687,7.725852966000001,0.785883367,60.0,0.130691305,0.7118776440000001,0.840685844,0.5881956220000001
Netherlands,7.32118845,10.72916317,0.9089957479999999,71.87999725,0.326043248,0.910179615,0.45694837,0.525242269
New Zealand,7.3058924670000005,10.44741917,0.9423808459999999,72.48000336,0.34398707700000003,0.931882441,0.27260860800000003,0.629681349
Nicaragua,6.2752666470000005,8.473205566,0.8385674359999999,66.37999725,0.105079539,0.817320645,0.698808014,0.584542394
Niger,4.180943489,6.8073344229999995,0.752533853,51.47999954,-0.033680182,0.687634289,0.60472846,0.579107881
Norway,7.444470882,11.05752373,0.9411619309999999,72.68000031,0.162420183,0.9563161729999999,0.404825836,0.699690521
Pakistan,5.435657977999999,8.428629875,0.551683307,57.08000183,0.12586651699999998,0.543138504,0.676927507,0.42587718399999996
Panama,6.631171227,9.90438652,0.87347424,69.09999847,0.011850909,0.893915117,0.846593857,0.4400675
Paraguay,5.118641853,9.048003197,0.959249556,64.98000336,0.010721216,0.759396434,0.7623757720000001,0.193541795
Peru,5.865815639,9.354252815,0.818986952,67.01999664,-0.14522051800000002,0.722352386,0.877822161,0.24008376899999997
Philippines,5.312550068,8.792685509,0.813300192,61.40000153,-0.020396445,0.902185738,0.787219465,0.6870834229999999
Poland,5.750282287999999,10.10016727,0.923642278,67.94000244,-0.070496768,0.8753570909999999,0.897741735,0.252522856
Portugal,5.12691164,10.16676331,0.86182946,71.59999847,-0.1285045,0.8468101020000001,0.94107008,0.227394462
Romania,5.726893425,9.887231827,0.75294137,66.08000183,-0.102007471,0.7542355059999999,0.95832473,0.24337944399999997
Russia,6.036976814,10.13794994,0.9317554240000001,62.68000031,-0.27549237,0.744332075,0.869267285,0.640166044
Senegal,4.394777298,7.704609871000001,0.855522096,57.93999863,-0.032738518,0.6923531890000001,0.699660003,0.6649959089999999
Serbia,5.112728596,9.481352806,0.782708704,66.83999634,0.07106512799999999,0.531597257,0.911732435,0.447972029
Sierra Leone,4.499970436,7.4337506289999995,0.8685564990000001,45.58000183,0.040410601000000004,0.681497633,0.7861320970000001,0.587644756
Singapore,7.0623645779999995,11.30101299,0.822033048,75.68000031,0.143033519,0.834887624,0.132603154,0.843872547
Slovakia,6.1388731,10.21410275,0.924242675,67.76000214,-0.13700857800000002,0.634791732,0.913870215,0.31018149899999997
Slovenia,5.678395271,10.25476551,0.908347547,70.0,0.049876269,0.887747705,0.909118295,0.17685100399999998
South Africa,4.828456402,9.424621582,0.881152213,54.34000015,-0.125209555,0.7940309640000001,0.8202580209999999,0.487997681
South Korea,5.801325321,10.41707993,0.737754107,72.44000244,-0.04790877599999999,0.6231936220000001,0.834068358,0.28410351300000003
South Sudan,3.831992388,7.568316936,0.545118451,49.84000015,0.024643593,0.567259312,0.7415405509999999,0.446467072
Spain,6.456477642,10.34802628,0.947864413,73.37999725,-0.031811371,0.738472342,0.8538879159999999,0.210619807
Sri Lanka,4.267932892,9.273351669,0.804798007,66.5,0.293445289,0.867936432,0.7906268240000001,0.772360444
Sweden,7.239147663,10.69574738,0.932719827,72.22000122,0.19555693899999999,0.9452733990000001,0.25038999300000003,0.563272059
Switzerland,7.492803574,10.95462418,0.958796322,73.05999756,0.054532632000000004,0.949401438,0.283089578,0.75163132
Tajikistan,4.896157742,7.842475414,0.809826255,63.04000092,0.00021348,0.8527322409999999,0.698430777,0.830833197
Tanzania,3.483278513,7.784098147999999,0.789081037,55.25999832,0.10087116800000001,0.654125094,0.877885878,0.645994246
Thailand,6.985463619,9.606240273,0.9331673979999999,66.37999725,0.545570731,0.899846315,0.919834435,0.7203049659999999
Togo,2.83895874,7.181850432999999,0.444339007,53.02000046,-0.084214963,0.663193226,0.79534179,0.47710976
Tunisia,4.763594627,9.284243584,0.680260599,65.81999969,-0.244346485,0.588934243,0.7831341620000001,0.39160004299999995
Turkey,5.5797944070000005,10.01690006,0.8632882829999999,65.36000061,-0.028981781,0.649196088,0.7640135290000001,0.556478322
Uganda,3.769919157,7.4007887839999995,0.821205795,53.68000031,0.019443771000000002,0.834174395,0.897995412,0.57691586
Ukraine,4.2973299030000005,9.017176628,0.876760185,63.40000153,0.103183851,0.533267498,0.926788926,0.242528632
United Kingdom,6.758147717000001,10.55194569,0.9102473259999999,71.62000275,0.35052102799999996,0.85703969,0.48411843200000004,0.42267209299999997
United States,7.151114464,10.85749722,0.902097046,68.62000275,0.212869316,0.8660768870000001,0.702267468,0.34867119799999996
Uruguay,6.561443806000001,9.894828796,0.901897848,68.55999756,-0.08265995200000001,0.9043328759999999,0.53349489,0.595346212
Venezuela,6.136096478,9.725855827,0.903955817,65.86000061,-0.22291520199999998,0.569961905,0.826534986,0.202779502
Yemen,3.9679579730000003,8.233982086000001,0.638252258,54.29999924,-0.173103333,0.66390872,0.885429204,0.344929039
Zambia,4.345837116,8.197677612,0.706222713,53.06000137,-0.021717342,0.811824918,0.80884099,0.606338799
Zimbabwe,4.184450626,7.5627532010000005,0.7658389809999999,52.38000107,-0.048634465999999994,0.642033815,0.820217133,0.56620872
