Country name,Life Ladder,Log GDP per capita,Social support,Healthy life expectancy at birth,Generosity,Freedom to make life choices,Perceptions of corruption,Confidence in national government
Afghanistan,3.982854605,7.5005388260000005,0.528597236,53.20000076,0.089090675,0.38892757899999997,0.880638301,0.260557145
Albania,4.6066508289999994,9.302960396,0.639356136,67.80000305,-0.08441135300000001,0.703850687,0.884793043,0.5069783929999999
Argentina,6.69713068,9.858328819,0.926492274,68.19999695,-0.170244098,0.8812236790000001,0.8509061929999999,0.378169239
Armenia,4.34831953,9.011393547,0.7225510479999999,66.0,-0.189388379,0.5510266420000001,0.9014621970000001,0.17092786699999998
Australia,7.309060574,10.6901989,0.95186156,72.69999695,0.323258132,0.9218710059999999,0.35655438899999997,0.47855684200000004
Austria,7.07644701,10.69885254,0.9281103009999999,72.09999847,0.09687189,0.900305152,0.55747962,0.454789877
Azerbaijan,5.146774768999999,9.723095894,0.785702765,64.59999847,-0.21810162100000002,0.764289498,0.615552545,0.788487196
Bangladesh,4.633473873,8.049608231,0.601468265,62.79999924,-0.063412555,0.814796269,0.720600903,0.760611534
Belarus,5.718907832999999,9.75438118,0.9240726229999999,65.19999695,-0.09912075099999999,0.622753441,0.668678164,0.520024061
Belgium,6.904219151,10.63845348,0.885208845,71.40000153,0.059581742,0.869474947,0.46878463,0.459024221
Benin,3.6246643069999998,7.5944528579999995,0.43438851799999995,53.09999847,-0.003976707,0.7333835959999999,0.850098193,0.5143061879999999
Bhutan,5.082128525,8.954587936,0.8475744129999999,60.20000076,0.28663519,0.83010155,0.633955777,0.946393013
Bolivia,5.834329127999999,8.784395218,0.8287057879999999,62.70000076,-0.024297827999999997,0.88362509,0.862373948,0.487208784
Bosnia and Herzegovina,5.1171779630000005,9.299491882,0.655723631,66.90000153,-0.054061137,0.630698025,0.959853649,0.194221586
Botswana,3.761964798,9.63931179,0.815656066,56.79999924,-0.12196684599999999,0.857168913,0.8602929709999999,0.81921792
Brazil,6.546896935,9.595779419,0.9066931009999999,65.80000305,-0.025475522999999996,0.7989352940000001,0.7713390590000001,0.198534787
Bulgaria,4.865401268,9.740979195,0.9075170159999999,66.19999695,-0.201748475,0.636817813,0.9412799479999999,0.249677315
Burkina Faso,4.418930054,7.375465393,0.705393493,52.40000153,0.012528296999999999,0.659102738,0.6927239890000001,0.668077111
Cambodia,4.162164688,8.098932266,0.728610277,60.40000153,0.208363369,0.956319809,0.825130224,0.732658446
Cameroon,5.037964821,8.098358154,0.646312475,50.29999924,0.045905765,0.7914285659999999,0.8680490259999999,0.613636553
Canada,7.412772655,10.67242527,0.9390670659999999,73.0,0.24513171600000003,0.931468964,0.427152246,0.644104123
Chad,4.3226752280000005,7.63390255,0.7512522340000001,46.70000076,-0.041869577000000005,0.47436088299999996,0.88863939,0.44589769799999995
Chile,6.532749653,10.022008900000001,0.827141881,69.59999847,0.03110862,0.76888144,0.811511338,0.300492525
Colombia,6.387571812000001,9.471579552,0.8899000290000001,66.80000305,-0.104796246,0.790897965,0.8428993229999999,0.271786749
Congo (Brazzaville),4.6908302310000005,8.620271683,0.642136157,56.09999847,-0.139432788,0.85017246,0.8413594959999999,0.49927032
Congo (Kinshasa),3.9027416710000002,6.699996948,0.767235577,52.09999847,-0.03092446,0.5737637879999999,0.8663780090000001,0.27432399999999996
Costa Rica,6.8540043829999995,9.598225594,0.8782729509999999,70.69999695,-0.056339074,0.906925678,0.761419415,0.261169255
Croatia,5.205438137,9.951515198,0.7683634159999999,68.40000153,-0.09829261199999999,0.6935230490000001,0.848545551,0.36486840200000004
Cyprus,5.439161301,10.32709026,0.769556105,73.09999847,0.108338967,0.62803483,0.892795146,0.203454718
Czech Republic,6.608017445,10.32893276,0.9113625879999999,68.80000305,-0.147829607,0.8084841970000001,0.8864674570000001,0.435425878
Denmark,7.5144248010000005,10.72455978,0.9597013000000001,71.5,0.217952549,0.94143641,0.191016391,0.579888642
Dominican Republic,5.061862468999999,9.502705574,0.893197775,64.90000153,-0.06710587400000001,0.856025338,0.7552881840000001,0.447033852
Ecuador,5.964075089,9.282580376,0.855889201,67.59999847,-0.11733917099999999,0.800870478,0.665827513,0.522347212
Egypt,4.7625384330000005,9.219856262,0.7297442559999999,60.79999924,-0.095742442,0.659261465,0.684498072,0.7716127629999999
El Salvador,6.018496037,8.856460571,0.7907553909999999,65.19999695,-0.154915765,0.7333559390000001,0.80454427,0.306591809
Estonia,5.628908634,10.22374249,0.9179296490000001,68.0,-0.16834341,0.8146923779999999,0.5687344670000001,0.3366898
Ethiopia,4.573154926,7.335052012999999,0.625596821,57.0,0.118701845,0.8026425840000001,0.56702733,0.8263413909999999
Finland,7.447925568,10.56982231,0.947800577,71.59999847,0.10706687,0.9298619029999999,0.223369658,0.55760026
France,6.357625007999999,10.53917408,0.895719409,73.19999695,-0.143634379,0.8170362109999999,0.640602052,0.32825270300000003
Gabon,4.66101265,9.731321335,0.755861998,58.20000076,-0.21146743,0.671300709,0.86677748,0.37005907299999996
Georgia,4.1219406130000005,9.107768059,0.517371595,65.09999847,-0.191066504,0.639944971,0.50241679,0.254327297
Germany,7.037137508,10.69053364,0.9259232279999999,71.30000305,0.173545972,0.889428854,0.412168294,0.628003657
Ghana,3.9859161380000003,8.275556564,0.687448561,56.0,-0.033512827,0.8520161509999999,0.94543612,0.441527426
Greece,5.622519016,10.09288025,0.834824681,71.80000305,-0.27328527,0.531736314,0.8239596490000001,0.437318921
Guatemala,6.464986801,8.894631386,0.822837472,63.90000153,0.049555305,0.868639767,0.821654916,0.272380829
Guinea,3.504693508,7.472111702,0.578859627,51.09999847,0.013805361,0.66595304,0.7621520159999999,0.610287786
Haiti,3.569762468,7.409274578,0.56431967,55.09999847,0.305790871,0.39829549200000003,0.7774039509999999,0.297118127
Honduras,4.845436573,8.370887756,0.7723755240000001,66.59999847,-0.090287246,0.5340576770000001,0.8480827209999999,0.29696264899999997
Hungary,5.34438324,10.12800789,0.858733833,66.40000153,-0.204279527,0.557721376,0.907530308,0.279211909
Iceland,7.498070717,10.67007351,0.980283201,73.0,0.298925996,0.94048512,0.638661802,0.42722812299999996
India,4.342079163,8.65811348,0.61013329,58.90000153,-0.017724538,0.7772252559999999,0.776434958,0.694716752
Indonesia,5.04279995,9.246450423999999,0.8094781040000001,61.5,0.45926755700000005,0.7794183490000001,0.9459672570000001,0.645185173
Iran,4.749955654,9.711170197000001,0.572406888,65.09999847,0.14568181300000002,0.780383229,0.6989512440000001,0.753276825
Iraq,4.493377209,9.620651245,0.6844348309999999,58.40000153,-0.019348731,0.599459946,0.762167156,0.435163736
Ireland,6.830125332000001,11.01564217,0.95294255,72.0,0.22788265300000002,0.8922769429999999,0.40875691200000003,0.571841061
Israel,7.07941103,10.37425232,0.8641301990000001,72.69999695,0.105966061,0.7527839540000001,0.7894299029999999,0.405343235
Italy,5.847683907,10.44295979,0.9089865090000001,73.0,-0.066691227,0.5747657420000001,0.912753046,0.260625869
Ivory Coast,4.445038795,8.083826065,0.703991652,47.70000076,-0.038274027,0.7997455,0.744249642,0.643835604
Japan,5.879684448,10.54225731,0.9226571920000001,74.69999695,-0.166381299,0.8316941859999999,0.654443085,0.35286721600000004
Kazakhstan,5.949995041,10.06577873,0.931349277,62.79999924,-0.047781285,0.7401328090000001,0.713844299,0.8162475229999999
Kenya,4.357617855,7.950148582000001,0.77692306,58.29999924,0.23545993899999998,0.792990327,0.8525498509999999,0.7479887009999999
Kosovo,5.077460766000001,9.122049332000001,0.805270791,64.33822632,0.174990952,0.5610482689999999,0.850647092,0.328998387
Kyrgyzstan,4.9053759569999995,8.082588196,0.856584549,63.20000076,0.221000105,0.8131758570000001,0.8577250240000001,0.58429265
Latvia,5.880597591,10.04406738,0.879372418,65.90000153,-0.080376849,0.65639317,0.808400393,0.298912108
Lebanon,5.171971321,9.499474525,0.741707742,65.59999847,0.075556383,0.5967497829999999,0.888953269,0.187712133
Liberia,2.701591253,6.665997982,0.637665987,53.70000076,-0.014139181,0.6714308859999999,0.902672648,0.472788274
Lithuania,5.711378098,10.20528412,0.92852354,65.5,-0.257858634,0.6414701939999999,0.92417407,0.367034554
Luxembourg,6.701571465,11.45199203,0.933604598,72.59999847,0.046507812999999995,0.932256401,0.37539047,0.694678366
Macedonia,4.975589752,9.454055786,0.7663681509999999,66.90000153,-0.046411414000000005,0.6603189110000001,0.824178994,0.36743512700000003
Madagascar,3.592514038,7.227784634,0.646716535,57.90000153,-0.036842145,0.544753611,0.8609533909999999,0.48240479799999997
Malawi,3.86763835,6.992741108,0.494381636,55.5,0.050336555,0.801390707,0.834825397,0.5686017870000001
Malaysia,6.3221211429999995,10.12669563,0.8176162840000001,66.40000153,0.208450198,0.6745944620000001,0.837892234,0.43682178899999996
Mali,4.582098483999999,7.559678555,0.830189168,50.20000076,-0.065125115,0.633753538,0.800046742,0.572915018
Malta,6.61339426,10.43667412,0.9187648890000001,72.19999695,0.342014074,0.91217804,0.663886309,0.734930515
Mauritania,3.922664165,8.189137459,0.8749459390000001,56.09999847,0.073411182,0.447086573,0.7153584359999999,0.293832392
Mexico,6.236287117000001,9.737350464,0.760614276,67.40000153,-0.154544055,0.719465971,0.7079719309999999,0.256193161
Moldova,6.0174722670000005,8.465222359,0.8399055000000001,62.90000153,-0.042187758,0.595241427,0.943118811,0.174305618
Mongolia,4.982719898,9.34241581,0.905524373,61.70000076,0.159782425,0.685510755,0.9002181890000001,0.226754889
Montenegro,5.124921322,9.634936332999999,0.73963052,67.90000153,-0.14324969099999998,0.5833173389999999,0.781232595,0.39976596799999997
Mozambique,4.549767494,7.019495964,0.665858209,51.20000076,0.093729101,0.813229263,0.631573498,0.706727743
Myanmar,4.2238464360000005,8.528500557000001,0.752064288,58.09999847,0.667136014,0.80797106,0.633305192,0.777451694
Nepal,4.812436581,7.746851921,0.74761188,60.20000076,0.23788774,0.763447225,0.823508382,0.469293684
Netherlands,7.324437141000001,10.74708652,0.8790104390000001,72.0,0.255913168,0.903978765,0.41182211,0.579621017
New Zealand,7.418120861,10.471916199999999,0.98734349,72.59999847,0.324836165,0.941784263,0.185888708,0.620907664
Nicaragua,5.924112797,8.508540154,0.8269085290000001,66.59999847,0.077999569,0.809259176,0.727998376,0.6034554839999999
Niger,3.6714537139999996,6.81143856,0.713019609,52.0,-0.01952886,0.7281283140000001,0.702549696,0.576022983
Nigeria,4.932914734,8.64305687,0.811647654,48.5,-0.046028789,0.680470288,0.9261092540000001,0.41035831
Norway,7.603433609,11.06676769,0.946833968,72.90000153,0.23833723399999998,0.9476205109999999,0.298814356,0.586871624
Pakistan,4.823194981,8.45440197,0.561720133,57.29999924,0.070660211,0.586546242,0.716641188,0.45958823
Panama,6.605550289,9.942067146,0.88261503,69.30000305,0.00271332,0.846669197,0.809942901,0.375584841
Paraguay,5.559724331,9.06407547,0.914199054,65.09999847,0.004769464,0.806124747,0.862888277,0.18117459100000002
Peru,5.577263355,9.373311996,0.7984183429999999,67.19999695,-0.09890001300000001,0.802269042,0.883730412,0.179047555
Philippines,5.547489166,8.835586548,0.8535885809999999,61.59999847,-0.056149431,0.9115335940000001,0.755191565,0.6684139370000001
Poland,6.007021904,10.13855839,0.8930904270000001,68.09999847,-0.099409871,0.793462157,0.810096323,0.211427912
Portugal,5.080866337,10.18896103,0.866213858,71.80000305,-0.165296271,0.8004403109999999,0.941050768,0.217742205
Romania,5.777491092999999,9.930908203,0.786967337,66.30000305,-0.143028185,0.7958477140000001,0.9616509679999999,0.24600878399999998
Russia,5.995538712,10.10710335,0.9243632559999999,63.09999847,-0.181272551,0.6854547259999999,0.913418293,0.6492331029999999
Senegal,4.61700058,7.7379884720000005,0.70153451,58.40000153,-0.09863582300000001,0.719533265,0.7654901740000001,0.622598588
Serbia,5.317685127,9.493848801,0.81625104,67.0,-0.062290820999999996,0.545892,0.8593580129999999,0.388694555
Sierra Leone,4.908617973,7.181039332999999,0.610593736,46.0,0.058140013,0.624296129,0.8248280290000001,0.652109861
Singapore,6.619524956,11.31131172,0.86643666,75.90000153,0.139111534,0.8868908879999999,0.098943882,0.90855819
Slovakia,6.162004471,10.25093079,0.94345367,68.0,-0.13867136800000002,0.587157667,0.92754513,0.276530683
Slovenia,5.740642071,10.27635193,0.9011637570000001,70.19999695,0.0052524730000000006,0.8960072990000001,0.892197907,0.202604815
South Africa,4.887325764,9.423648834,0.898096263,55.29999924,-0.135523975,0.8624494079999999,0.85269475,0.5839956999999999
South Korea,5.780211448999999,10.43932724,0.768350601,72.69999695,-0.040622089,0.61584878,0.840721607,0.264757395
South Sudan,4.070771217,7.536566734,0.584781349,50.20000076,0.11351486300000001,0.511631012,0.709605932,0.509233654
Spain,6.380663395,10.38254833,0.95647186,73.5,-0.075814046,0.73200047,0.8216649290000001,0.277751327
Sri Lanka,4.611606598,9.312870979,0.862500072,66.59999847,0.31343710399999997,0.902074754,0.8594709629999999,0.739669859
Sweden,7.28892231,10.72939968,0.929459989,72.30000305,0.204892784,0.9350720640000001,0.231964141,0.49930203
Switzerland,7.572136878999999,10.95543003,0.93833375,73.19999695,0.103407413,0.9278024440000001,0.209533513,0.787730038
Tajikistan,5.124210835,7.878757477000001,0.843932509,63.20000076,0.020470768,0.84654212,0.741689622,0.8741708990000001
Tanzania,3.660597324,7.820422173,0.79026258,56.0,0.138522491,0.758684695,0.906422615,0.68432039
Thailand,6.201762676,9.632480621000001,0.866324544,66.59999847,0.30895912600000003,0.8849165440000001,0.913651109,0.657713354
Togo,3.768301964,7.208640099,0.47859340899999997,53.5,-0.068024069,0.7715772390000001,0.7332617640000001,0.500700116
Tunisia,5.131611824,9.284137726,0.60947001,66.0,-0.238344118,0.711373389,0.814824998,0.48027476700000005
Turkey,5.514465332,10.05999851,0.851224601,65.59999847,-0.021746771,0.653196752,0.8060762290000001,0.48608464
Uganda,4.237686634,7.418150902000001,0.746633112,54.5,0.14504657699999998,0.7578353290000001,0.872740388,0.604114532
Ukraine,3.9645428660000004,8.917972565,0.909439743,63.70000076,-0.01374052,0.43059203,0.952472746,0.084303714
United Kingdom,6.515445232,10.56718445,0.935985744,71.69999695,0.295849711,0.832926095,0.456133723,0.456811696
United States,6.863946915,10.8781538,0.9035710690000001,68.59999847,0.21095648399999997,0.8487534520000001,0.697542608,0.346936464
Uruguay,6.628080367999999,9.895024300000001,0.8914934990000001,68.69999695,-0.042141985,0.916879654,0.6734756829999999,0.550558805
Uzbekistan,5.972364426,8.648262978,0.968225241,64.19999695,0.370652735,0.979937136,0.47091692700000004,0.973944485
Venezuela,5.568800448999999,9.655211449,0.911086857,65.90000153,-0.175435483,0.512159348,0.8130968209999999,0.212657243
Yemen,2.982673883,7.744412422000001,0.668683469,54.29999924,-0.13721621,0.6099807620000001,0.8290975690000001,0.263296992
Zambia,4.843164444,8.196216583,0.691483498,53.79999924,-0.04982822,0.758653641,0.871019542,0.631103098
Zimbabwe,3.70319128,7.556051731,0.7358003259999999,53.79999924,-0.09735447900000001,0.6671932939999999,0.8104573490000001,0.590012372
