Country name,Life Ladder,Log GDP per capita,Social support,Healthy life expectancy at birth,Generosity,Freedom to make life choices,Perceptions of corruption,Confidence in national government
Afghanistan,4.220168591,7.497038364,0.5590717789999999,53.0,0.051364917,0.522566199,0.7932455540000001,0.324989557
Albania,4.511100769,9.337532043,0.638411462,68.09999847,-0.020687405,0.72981894,0.901070774,0.400909811
Argentina,6.427221297999999,9.830087662,0.882819116,68.40000153,-0.18830381300000001,0.847702205,0.850924492,0.419561833
Armenia,4.325471878,9.010698318,0.709218323,66.30000305,-0.157248631,0.610986948,0.9214210509999999,0.18471303600000002
Australia,7.250080109,10.7030983,0.942334235,73.0,0.229792744,0.922315717,0.39854511600000003,0.452731758
Austria,7.048071861,10.70244312,0.9263185859999999,72.40000153,0.078159958,0.888513982,0.52364099,0.43263822799999996
Azerbaijan,5.303894997,9.680426598,0.777271032,64.90000153,-0.22437793,0.712573171,0.606770813,0.734052122
Bangladesh,4.556140900000001,8.107524872,0.649116933,63.29999924,-0.083881758,0.874700487,0.6878536340000001,0.845429063
Belarus,5.177899361000001,9.727537155,0.9265511040000001,65.5,-0.13318756199999998,0.658228815,0.664055169,0.452669024
Belgium,6.948936462000001,10.64741421,0.9289640779999999,71.59999847,-0.058440432,0.865759015,0.49665909999999996,0.41917750200000004
Benin,4.0073575969999995,7.605700016,0.49281585200000005,53.5,-0.042874601,0.7797952290000001,0.837715745,0.63744539
Bolivia,5.769723415,8.811049461,0.7959587570000001,63.0,-0.041593142,0.8817487359999999,0.852592945,0.40174228
Bosnia and Herzegovina,5.180865288,9.335877419,0.8077051040000001,67.19999695,0.134780556,0.633453727,0.957311988,0.212188497
Botswana,3.4989366530000003,9.663145065,0.768302798,57.5,-0.258511871,0.851694882,0.729171813,0.803130805
Brazil,6.374817371000001,9.552306175,0.912455142,66.0,-0.10995803,0.806571543,0.781092763,0.264140248
Bulgaria,4.837560654,9.786646843,0.92603606,66.40000153,-0.172343537,0.700265527,0.9359881879999999,0.221241772
Burkina Faso,4.205634594,7.403866291,0.764401138,52.90000153,0.00834989,0.644681513,0.7205424309999999,0.6637113689999999
Cambodia,4.461259365,8.150504112,0.7459012270000001,60.79999924,0.074233428,0.957821488,0.840416849,0.739886224
Cameroon,4.816232203999999,8.115765572,0.659299791,51.09999847,-0.006847956999999999,0.71250701,0.87945056,0.621221066
Canada,7.244845867,10.67448139,0.9243925209999999,73.19999695,0.203222767,0.912423909,0.385090441,0.618195295
Central African Republic,2.693061113,6.465948105,0.29018417,44.90000153,0.053440392,0.624056518,0.859073043,0.7487545609999999
Chad,4.029350281,7.538164139,0.616204858,47.20000076,0.039116725,0.5252221229999999,0.8197888729999999,0.513021767
Chile,6.579056262999999,10.02634144,0.841388166,69.69999695,0.09289977,0.652289748,0.858124971,0.203538865
Colombia,6.233715057,9.483036041,0.88190037,67.09999847,-0.10536117099999999,0.834966123,0.8975538609999999,0.261251181
Congo (Brazzaville),4.1194934839999995,8.566148757999999,0.615449011,56.70000076,-0.107046716,0.785906553,0.790385723,0.48307526100000003
Congo (Kinshasa),4.521935463,6.69092226,0.864154518,52.5,-0.007709844,0.6373667120000001,0.874999642,0.281824946
Costa Rica,7.135617732999999,9.628722191,0.900701284,70.90000153,-0.029768212000000002,0.872971952,0.780562043,0.279027581
Croatia,5.416875362000001,9.98966217,0.798332155,69.0,-0.06632413,0.671970546,0.884059787,0.30339098
Cyprus,5.794618607,10.35237598,0.786438465,73.30000305,-0.033245488999999996,0.7562209959999999,0.897639513,0.333909512
Czech Republic,6.735627173999999,10.3526144,0.930592895,69.30000305,-0.199620038,0.8503282670000001,0.900430739,0.415120721
Denmark,7.55778265,10.73620605,0.954451501,71.80000305,0.134531945,0.948230565,0.20989337600000002,0.467660695
Dominican Republic,5.238698483,9.555362701,0.8947534559999999,65.19999695,-0.081975199,0.872712433,0.737182975,0.5494248270000001
Ecuador,6.115437507999999,9.251891136000001,0.842352092,67.90000153,-0.018464431,0.846336305,0.7740841509999999,0.474427789
Egypt,4.556740761,9.242236137,0.809218585,61.09999847,-0.148785099,0.655845225,0.817527413,0.619130909
El Salvador,6.139824867000001,8.876843452000001,0.793659985,65.5,-0.183699355,0.799847007,0.797312021,0.251704782
Estonia,5.649675369,10.24387455,0.937715113,68.19999695,-0.153377563,0.842770696,0.6390852929999999,0.33983430299999995
Ethiopia,4.297848701,7.382928848,0.7187187079999999,57.5,0.04536299,0.744307697,0.7028808590000001,0.748945594
Finland,7.659843445,10.58807755,0.9539404509999999,71.69999695,-0.030627485,0.948372185,0.249659568,0.485727251
France,6.475208759,10.54698849,0.884922922,73.40000153,-0.095642865,0.786780477,0.622697055,0.283978164
Gabon,4.831764221,9.726552963,0.780048966,58.70000076,-0.22227960800000002,0.698942363,0.816563547,0.378069758
Georgia,4.448386192,9.135268211,0.533412278,64.90000153,-0.235489741,0.606468379,0.5609240529999999,0.344541132
Germany,6.873763084,10.70171165,0.906029284,71.59999847,0.144377634,0.8705150490000001,0.445922136,0.5526135560000001
Ghana,4.514411449,8.289732933,0.647303164,56.40000153,0.094167918,0.75116837,0.893955231,0.516604602
Greece,5.302619457,10.09459305,0.802605867,72.0,-0.26143381,0.481616855,0.898470819,0.13248655199999998
Guatemala,6.358916282999999,8.904984473999999,0.811235487,64.19999695,0.009652504000000001,0.862675726,0.812030017,0.46896219299999997
Guinea,3.6028547289999997,7.54667902,0.675447047,52.20000076,-0.049161837,0.7256851790000001,0.802781165,0.465695828
Haiti,3.3523001669999997,7.4110550879999995,0.58374244,55.29999924,0.29111108199999997,0.303540409,0.838523149,0.146064624
Honduras,5.648154736,8.390897751,0.7739099859999999,66.80000305,0.086563937,0.8500466940000001,0.7928751709999999,0.38927450799999996
Hong Kong S.A.R. of China,5.498420715,10.90435696,0.83207792,75.95350647,0.08924306900000001,0.799743414,0.40281257,0.44961038200000003
Hungary,5.448901652999999,10.15285015,0.899511576,66.80000305,-0.19341144,0.55395174,0.924185812,0.30377233
Iceland,7.510034561,10.7283411,0.984940052,73.0,0.278244555,0.9516095520000001,0.719299555,0.36351829799999996
India,4.179177284,8.715342522,0.613529384,59.29999924,0.033954486,0.820068777,0.764722109,0.732104599
Indonesia,5.136325359,9.284182549,0.7918305990000001,61.70000076,0.48754191399999997,0.82994163,0.889677405,0.80088073
Iran,4.652730942,9.825400352,0.566281199,65.40000153,0.154438794,0.773303747,0.7127826209999999,0.7094711659999999
Iraq,4.4125370980000005,9.695360184,0.7189567090000001,59.0,-0.088390231,0.666160166,0.798866451,0.418604314
Ireland,7.04073143,11.05449009,0.9581440090000001,72.09999847,0.168430954,0.874589145,0.398544312,0.574739754
Israel,7.159010887000001,10.39477539,0.8896607759999999,72.90000153,0.15050979,0.772297323,0.804056585,0.43813318
Italy,5.95452404,10.45320511,0.9272128340000001,73.19999695,-0.082749397,0.623741627,0.902801216,0.23759909
Ivory Coast,4.542545795,8.138846397,0.617400765,48.29999924,-0.028539145,0.7687893509999999,0.757453382,0.714816749
Japan,5.954650879,10.55274868,0.8997738359999999,74.80000305,-0.073620148,0.836064637,0.697639346,0.36220064799999996
Kazakhstan,5.533551693,10.06249809,0.9278106690000001,63.40000153,-0.046834081,0.7828055620000001,0.7020166520000001,0.7597261670000001
Kenya,4.396127701,7.981573582,0.70592159,58.90000153,0.313143224,0.748508275,0.8284115790000001,0.577654064
Kosovo,5.759412289,9.153971672,0.82380271,64.60875702,0.11990544199999999,0.8273985979999999,0.940897942,0.313764572
Kyrgyzstan,4.856534003999999,8.104660988,0.914375484,63.5,0.077373318,0.813939214,0.9169228079999999,0.527570188
Latvia,5.940446377000001,10.07505417,0.917073965,66.19999695,-0.159757495,0.685299277,0.8676396009999999,0.31526130399999996
Lebanon,5.27072382,9.493102074,0.827885926,66.09999847,0.03390317,0.657357454,0.853114486,0.137951434
Lesotho,3.8082048889999998,7.914381981,0.798059285,46.59999847,-0.10248249,0.729489863,0.742873371,0.609269023
Liberia,3.354676008,6.624804974,0.642614603,54.5,0.080516092,0.7634760140000001,0.9012674690000001,0.5442469120000001
Lithuania,5.865552425,10.24116898,0.937873363,66.09999847,-0.270516902,0.614239335,0.949392676,0.279638559
Luxembourg,6.967340946,11.46080017,0.9412605759999999,72.59999847,0.014104202,0.8823653459999999,0.356336325,0.6789778470000001
Macedonia,5.34574604,9.481959343,0.8712122440000001,67.09999847,0.079841897,0.7061793209999999,0.869719028,0.256954134
Madagascar,3.663085938,7.241845607999999,0.746496975,58.29999924,-0.065171458,0.569645405,0.8641711470000001,0.49019917799999996
Malawi,3.4764926430000003,6.9882297520000005,0.524299622,56.20000076,0.058278690999999994,0.8098841309999999,0.823615015,0.5525344010000001
Mali,4.016027927,7.586338997,0.8362545370000001,50.70000076,-0.06751687099999999,0.696007371,0.8623266820000001,0.524199367
Malta,6.590842247,10.46477127,0.930369377,72.19999695,0.340700656,0.916023612,0.6964946390000001,0.618818283
Mauritania,4.472149372,8.180959702000001,0.784826875,56.40000153,-0.157454357,0.46656146600000004,0.8418351409999999,0.20892922600000002
Mauritius,5.610003471000001,9.881625175,0.836032152,65.80000305,0.130789235,0.8191756609999999,0.8906613590000001,0.565379262
Mexico,6.824172974,9.753050803999999,0.893492579,67.69999695,-0.15587057199999999,0.7516130809999999,0.808579445,0.277944058
Moldova,5.577784061,8.509845733999999,0.83732146,63.59999847,0.000704906,0.557369471,0.969482958,0.08406124300000001
Mongolia,5.056999683,9.337942123,0.9474893809999999,61.90000153,0.076226927,0.7597409490000001,0.900452137,0.34938287700000004
Montenegro,5.3040661810000005,9.663771629,0.865743697,68.09999847,-0.08676701,0.568633676,0.848966599,0.325959235
Myanmar,4.623119831,8.576414108,0.793461978,58.40000153,0.658932626,0.8774911759999999,0.607286572,0.924319088
Nepal,5.099539757,7.739643097,0.837043643,61.29999924,0.17910461100000002,0.839488447,0.81711489,0.49001622200000006
Netherlands,7.540877342000001,10.76362324,0.9259442090000001,72.09999847,0.233066663,0.907310009,0.43330425,0.572273314
New Zealand,7.225687981,10.48504829,0.93660289,72.80000305,0.26113021399999997,0.926576018,0.278270781,0.5696901679999999
Nicaragua,6.012739657999999,8.542974472000001,0.8527024390000001,66.90000153,0.039933853,0.7165342570000001,0.731464922,0.586549759
Niger,4.234645844,6.821260452000001,0.682828248,52.5,-0.002667263,0.701927304,0.814493895,0.5724675060000001
Nigeria,5.219567776,8.60056591,0.804766953,48.90000153,0.032547228,0.797690511,0.9047068359999999,0.41432607200000005
Norway,7.596331596000001,11.06912804,0.9597428440000001,73.0,0.114254743,0.9543523190000001,0.409666121,0.657646239
Pakistan,5.5485081670000005,8.488210678,0.626921296,57.70000076,0.079928152,0.6341828110000001,0.79253006,0.455683172
Panama,6.117638111000001,9.974536896,0.882460237,69.40000153,-0.09297305300000001,0.8844797609999999,0.836976767,0.329894483
Paraguay,5.8013801570000005,9.090585708999999,0.93986696,65.30000305,-0.05853869,0.853534281,0.7561162709999999,0.28455975699999997
Peru,5.7006287570000005,9.399485588,0.802856445,67.5,-0.14319998,0.829843879,0.86591959,0.281923383
Philippines,5.430832862999999,8.886437416,0.821298718,61.70000076,-0.076165579,0.907595754,0.7919622059999999,0.7716267109999999
Poland,6.162076473,10.16722965,0.91739881,68.5,-0.097280823,0.8707075120000001,0.847753942,0.382713199
Portugal,5.446637153999999,10.20817947,0.90463537,72.0,-0.22725527,0.83806932,0.922192395,0.354542404
Romania,5.96887064,9.983716965,0.809229195,66.59999847,-0.117233559,0.8217206,0.9490445259999999,0.181354657
Russia,5.85494566,10.10301971,0.910927355,63.5,-0.19114780399999998,0.713606298,0.925462723,0.584303796
Rwanda,3.332989931,7.490113257999999,0.6651309129999999,59.90000153,0.02614033,0.9107363820000001,0.158601388,0.993604362
Senegal,4.59453392,7.774625301,0.838994384,58.79999924,-0.073456421,0.743729651,0.794353724,0.630876184
Serbia,5.752754688,9.526675224,0.894894958,67.40000153,-0.06780187,0.614370823,0.889765203,0.450123101
Sierra Leone,4.732953072,7.218076706000001,0.6567234989999999,47.59999847,0.113659732,0.6812021140000001,0.863264859,0.70091027
Singapore,6.033480644,11.322025300000002,0.925128222,76.19999695,0.132903278,0.903735638,0.047311152999999995,0.930617273
Slovakia,5.993163109,10.28234768,0.945179105,68.30000305,-0.072382629,0.700098515,0.9166091679999999,0.372222155
Slovenia,5.936821461,10.30661774,0.9344873429999999,70.5,-0.057398662,0.903551102,0.8384743929999999,0.24984510199999999
South Africa,4.769739628,9.416272163,0.875389755,55.70000076,-0.07888724700000001,0.774136424,0.812858999,0.483122289
South Korea,5.970564365,10.46368599,0.811163485,73.0,0.021303769,0.590956032,0.861816347,0.237081572
South Sudan,2.888112307,7.35875988,0.532151818,50.59999847,0.021647073,0.439919025,0.7853177790000001,0.45628756299999995
Spain,6.318612099,10.41392422,0.941736817,73.80000305,-0.051830858,0.7681737540000001,0.8185585740000001,0.30251666899999996
Sweden,7.368744372999999,10.74867249,0.912060678,72.40000153,0.13858190199999998,0.918036401,0.246182442,0.485791326
Switzerland,7.458519936,10.95817471,0.9276282790000001,73.5,0.083161391,0.933947086,0.301562965,0.7985367179999999
Tajikistan,5.1037211419999995,7.923922062000001,0.8566569690000001,63.5,0.007712937,0.7030268909999999,0.6318878529999999,0.844887733
Tanzania,2.90273428,7.856935023999999,0.63775593,56.5,0.168489903,0.77548492,0.739247262,0.8995608690000001
Thailand,6.07363987,9.661786079,0.9075436590000001,66.80000305,0.348688185,0.9241456990000001,0.8779783840000001,0.645925045
Togo,3.8785784239999996,7.235976696,0.509440958,53.90000153,-0.006249894000000001,0.730286777,0.815044165,0.48585990100000004
Tunisia,4.521453381000001,9.283731461,0.7018221020000001,66.30000305,-0.17719683100000003,0.614438355,0.8107456559999999,0.34743124200000003
Turkey,5.326221943,10.07561111,0.879994631,66.0,-0.070580535,0.64414674,0.763706565,0.583728254
Uganda,4.233261108,7.430756092,0.7535402179999999,54.90000153,0.141536832,0.739409745,0.811069787,0.6715658309999999
Ukraine,4.0286903380000005,8.944818497,0.884961367,64.0,0.030040242,0.5025419,0.891075134,0.125653401
United Kingdom,6.824283599999999,10.57921696,0.954068184,71.90000153,0.24597170899999998,0.821192145,0.45831328600000004,0.40863207
United States,6.803599834,10.88555431,0.896751285,68.5,0.135592237,0.757893085,0.7389195559999999,0.297205657
Uruguay,6.171485424,9.908158302,0.900380909,68.80000305,-0.081854537,0.8863719109999999,0.676212788,0.42313259799999997
Venezuela,4.041114807,9.534058571000001,0.9019492859999999,66.09999847,-0.203747958,0.45760157700000004,0.890124679,0.164021522
Zambia,4.347543716000001,8.203071593999999,0.76704663,54.29999924,0.111332305,0.8115745190000001,0.770643592,0.6968915459999999
Zimbabwe,3.7354002,7.538829327,0.768425405,54.40000153,-0.06810458700000001,0.7329714890000001,0.72361201,0.6993440390000001
