Country name,Life Ladder,Log GDP per capita,Social support,Healthy life expectancy at birth,Generosity,Freedom to make life choices,Perceptions of corruption,Confidence in national government,Happiness score
Finland,7.788251877,10.61117172,0.963826418,71.80000305,-0.005695975,0.962198973,0.19241277899999998,0.59753859,7.632000000000001
Norway,7.578744887999999,11.07906151,0.9501276609999999,73.09999847,0.21810506300000002,0.9530168179999999,0.24971137899999998,0.7171597479999999,7.593999999999999
Denmark,7.593702316,10.75112534,0.952100098,72.09999847,0.152028441,0.955416322,0.18114756,0.572353303,7.555
Iceland,7.476213932,10.74684143,0.966752827,73.0,0.24332368399999998,0.938783288,0.7268453840000001,0.36504194100000004,7.495
Switzerland,7.473593235,10.95797634,0.9496613740000001,73.80000305,0.17511341,0.924996912,0.316183478,0.8197067379999999,7.487
Netherlands,7.458965302,10.78875256,0.9365013240000001,72.19999695,0.244597197,0.9203197359999999,0.363133639,0.669553638,7.441
Canada,7.414868355,10.69234467,0.93374896,73.40000153,0.155016169,0.9451450109999999,0.362034321,0.652735949,7.327999999999999
New Zealand,7.32718277,10.49365616,0.95492065,73.0,0.289705753,0.942279458,0.221887484,0.609015465,7.324
Sweden,7.286804676,10.75682354,0.914016783,72.5,0.163362831,0.934582114,0.23936691899999998,0.5594619510000001,7.314
Australia,7.25703764,10.70658112,0.9499578479999999,73.30000305,0.308772951,0.9105501770000001,0.411346525,0.45340696,7.272
Israel,7.3310360910000005,10.40826416,0.916440845,73.09999847,0.142772496,0.7680763009999999,0.7926522490000001,0.38936814700000005,7.19
Austria,7.293727875,10.72407532,0.9062178129999999,72.69999695,0.131114438,0.8900305629999999,0.518303812,0.43590793,7.138999999999999
Costa Rica,7.22518158,9.650206566,0.92169714,71.09999847,-0.073179178,0.93561846,0.7423507570000001,0.407448441,7.072
Ireland,7.060155392,11.11744022,0.943481982,72.19999695,0.21075968399999997,0.905341148,0.33708474,0.603799641,6.977
Germany,7.0743246079999995,10.71949959,0.8921660779999999,71.90000153,0.141375408,0.8407278659999999,0.414021194,0.622935653,6.965
Belgium,6.928347587999999,10.66098404,0.921639085,71.80000305,0.051760148,0.856801987,0.5430460570000001,0.449731916,6.9270000000000005
Luxembourg,7.061380862999999,11.45400238,0.905435503,72.59999847,0.039554782000000004,0.90282172,0.33017358199999997,0.73892206,6.91
United States,6.991759299999999,10.90090561,0.921002865,68.40000153,0.18883281899999999,0.8684967159999999,0.6811912659999999,0.386535019,6.886
United Kingdom,7.103273392,10.59044647,0.937495291,72.09999847,0.286916465,0.812733293,0.418611348,0.440120846,6.814
Czech Republic,6.789567947,10.39224911,0.900968969,69.80000305,-0.178765178,0.8317855,0.866524994,0.343870819,6.711
Malta,6.675665855,10.50543213,0.9373317959999999,72.19999695,0.247621223,0.923642933,0.6904945370000001,0.75200516,6.627000000000001
France,6.635222435,10.56115437,0.931494594,73.59999847,-0.127377018,0.83389014,0.601486027,0.37479353,6.489
Mexico,6.410299301,9.760567665,0.7998393770000001,68.0,-0.20424206600000003,0.8614051340000001,0.8008930679999999,0.25695315,6.4879999999999995
Chile,6.3201193810000005,10.03306866,0.8798407909999999,69.80000305,-0.030261262999999997,0.7901164890000001,0.835987508,0.268283308,6.476
Panama,6.567658901000001,10.01086235,0.9119048120000001,69.5,-0.160123616,0.899573505,0.8407770990000001,0.390996099,6.43
Brazil,6.332929134,9.554174423,0.9046942590000001,66.19999695,-0.184547558,0.764792562,0.794457376,0.16549027,6.419
Argentina,6.039330006,9.848709106,0.9066991209999999,68.59999847,-0.182599917,0.8319661620000001,0.841052473,0.305430293,6.388
Guatemala,6.325118542,8.912446976,0.826492071,64.5,-0.059932402999999995,0.914521694,0.7997478840000001,0.458623856,6.382000000000001
Uruguay,6.336009979,9.930685042999999,0.91380167,68.90000153,-0.101414755,0.8978516459999999,0.626581967,0.413032115,6.379
Singapore,6.378437996000001,11.35668564,0.8973498940000001,76.5,0.12596322599999998,0.926127851,0.161790684,0.92699796,6.343
Spain,6.230173111,10.4420948,0.9031581879999999,74.09999847,-0.036033396,0.755560756,0.791268766,0.269585967,6.31
Colombia,6.157341957000001,9.492126465,0.909249961,67.40000153,-0.162942991,0.8375546340000001,0.87501812,0.221882597,6.26
Slovakia,6.3655090329999995,10.31411076,0.9133866429999999,68.59999847,-0.066592969,0.7142246959999999,0.920422673,0.34168008,6.172999999999999
El Salvador,6.339318275,8.8945961,0.82895261,65.80000305,-0.170792967,0.757827342,0.777748585,0.27023506199999997,6.167000000000001
Nicaragua,6.476356506,8.579500198,0.83804369,67.19999695,0.010300541,0.922162771,0.6729633209999999,0.590425193,6.141
Uzbekistan,6.421447754,8.740833282,0.942131102,64.80000305,0.116510667,0.985177755,0.464641601,0.9646904470000001,6.096
Thailand,5.9388952260000005,9.69754982,0.877268732,67.0,0.20539546,0.922896802,0.8838167790000001,0.605078816,6.072
Italy,6.198870182,10.469371800000001,0.9197912220000001,73.40000153,-0.037178084,0.632843256,0.866667926,0.230196297,6.0
Ecuador,5.839518547000001,9.266903877,0.8489417429999999,68.19999695,-0.170977935,0.879128158,0.733588755,0.640512884,5.973
Lithuania,6.272940636,10.292967800000001,0.9263166190000001,66.69999695,-0.177641675,0.749307334,0.7897098659999999,0.32124728,5.952000000000001
Slovenia,6.1668376920000005,10.35458946,0.928187847,70.80000305,-0.027939947000000003,0.920862675,0.8287947179999999,0.23977972600000003,5.9479999999999995
Romania,6.089904785,10.05677509,0.8112401370000001,66.90000153,-0.161854967,0.838586688,0.925658047,0.29834133399999996,5.945
Latvia,5.977817535,10.12918186,0.895098746,66.5,-0.158590496,0.6995201109999999,0.79837811,0.264000505,5.933
Japan,5.910676479,10.57137394,0.8819612859999999,74.90000153,-0.217277035,0.8493965859999999,0.659198642,0.412489951,5.915
Mauritius,6.174117565,9.918018341,0.910142243,66.09999847,0.077978596,0.9123075009999999,0.818179905,0.614670753,5.891
Jamaica,5.889759064,9.011104584,0.91302985,67.09999847,-0.128097996,0.8606763479999999,0.8827961679999999,0.34820175200000003,5.89
South Korea,5.8738870620000005,10.48956108,0.8069299459999999,73.30000305,0.009390866999999999,0.538113713,0.8506904240000001,0.358582199,5.875
Russia,5.578742981,10.11722469,0.8961513040000001,63.90000153,-0.154709876,0.73087424,0.861590207,0.556597233,5.81
Kazakhstan,5.882351398,10.08812237,0.9140931959999999,64.0,-0.045617759,0.7452439670000001,0.7552506920000001,0.755705774,5.79
Cyprus,6.062051296,10.3863802,0.818671048,73.5,0.040062714,0.811670661,0.8512064220000001,0.312653422,5.7620000000000005
Bolivia,5.65055275,8.837221146000001,0.778661788,63.29999924,-0.115274936,0.883904934,0.819261968,0.42763295799999995,5.752000000000001
Estonia,5.938395977000001,10.29150963,0.93568635,68.40000153,-0.104597919,0.861749232,0.668402255,0.405946255,5.739
Paraguay,5.71329546,9.085571288999999,0.902042508,65.5,0.018430408,0.891171455,0.809900761,0.381784081,5.681
Peru,5.710936546,9.412195206,0.830123365,67.80000305,-0.163864419,0.826552153,0.895384133,0.254595339,5.662999999999999
Kosovo,6.149199962999999,9.189712523999999,0.792087257,64.87929535,0.11196661,0.857676744,0.92519182,0.298196137,5.662000000000001
Moldova,5.325530529,8.554483414,0.83076793,64.30000305,-0.003629582,0.552825212,0.926333785,0.132729635,5.64
Hungary,6.065038681,10.19531918,0.8767475490000001,67.19999695,-0.145813331,0.6611659529999999,0.886361301,0.377770513,5.62
Philippines,5.594270229,8.935796737999999,0.851028562,61.79999924,-0.146240324,0.925703108,0.711165547,0.83773005,5.524
Honduras,6.019985676,8.421077728,0.84335494,67.0,0.078603566,0.898377419,0.783429444,0.495585024,5.504
Turkey,5.607262135,10.13179111,0.876467824,66.40000153,-0.242938563,0.644434214,0.670910537,0.586161256,5.483
Belarus,5.552915096,9.750800133,0.9002557990000001,65.80000305,-0.12917256400000002,0.620979249,0.6541134120000001,0.44791629899999996,5.483
Pakistan,5.8308706279999996,8.524110794,0.6902635690000001,58.09999847,0.030064492999999998,0.7126570940000001,0.7139282229999999,0.557435155,5.472
Portugal,5.711499214,10.23770332,0.899984837,72.19999695,-0.17740751800000001,0.9050656559999999,0.880970538,0.5010881420000001,5.41
Serbia,5.122031212,9.550297737000001,0.8837704059999999,67.80000305,-0.077337377,0.684846342,0.8514578340000001,0.5111979839999999,5.398
Greece,5.14824152,10.10945988,0.7528995279999999,72.19999695,-0.291227311,0.43830001399999996,0.87223947,0.139880896,5.358
Tajikistan,5.829234122999999,7.971400738,0.6626933220000001,63.79999924,0.122264013,0.832002461,0.71833688,0.92979306,5.352
Montenegro,5.614798546,9.705602646000001,0.881199837,68.30000305,-0.082077965,0.625906289,0.755680025,0.351549894,5.347
Croatia,5.343165873999999,10.02878857,0.770309687,69.59999847,-0.10590641199999999,0.7158222790000001,0.89155972,0.211000666,5.321000000000001
Dominican Republic,5.605202675,9.588835716,0.894368112,65.5,-0.123324633,0.8553590179999999,0.760489643,0.45990133299999997,5.3020000000000005
Azerbaijan,5.152279377,9.670762062,0.7870393990000001,65.19999695,-0.245215878,0.731030464,0.652539015,0.7665834429999999,5.2010000000000005
Lebanon,5.153989792,9.50058651,0.7765830159999999,66.59999847,-0.072667308,0.604554176,0.910727262,0.217718095,5.199
Macedonia,5.233866692,9.481223106,0.79995513,67.30000305,-0.057991772999999996,0.752106607,0.8556972740000001,0.442916453,5.185
Nigeria,5.321928024,8.582691192999999,0.7334685329999999,49.29999924,0.113835752,0.8259055609999999,0.834891975,0.558790743,5.155
Kyrgyzstan,5.6295366289999995,8.129609108,0.882586658,63.79999924,0.164255798,0.859389782,0.8744944929999999,0.561672747,5.131
Bosnia and Herzegovina,5.089902401,9.368531227,0.775295258,67.5,0.09249863800000001,0.5637986660000001,0.923343062,0.126379713,5.129
Mongolia,5.333850384,9.379310607999999,0.924250782,62.09999847,0.104439713,0.674627423,0.8649522070000001,0.275058359,5.125
Indonesia,5.098401546,9.322663307000001,0.7955892090000001,61.90000153,0.47546067799999997,0.865026295,0.900416434,0.8257653709999999,5.093
Cameroon,5.07405138,8.121161461,0.69459641,51.90000153,-0.031570964,0.7669450040000001,0.84358561,0.578775525,4.975
Bulgaria,5.096901894,9.828942299,0.94175458,66.59999847,-0.156459168,0.6890470390000001,0.910799742,0.326087952,4.933
Nepal,4.736692429,7.80090189,0.816383302,62.40000153,0.144506738,0.84514761,0.770177126,0.559578538,4.88
Venezuela,5.070750713,9.439295769,0.8958793279999999,66.30000305,-0.20603478,0.6355050210000001,0.8439692259999999,0.241123602,4.806
Gabon,4.782382965,9.714891434,0.806941152,59.20000076,-0.24707399300000002,0.652359545,0.8683055040000001,0.286989242,4.758
South Africa,4.513655186,9.416937828,0.870313287,56.09999847,-0.137357384,0.787427902,0.864781916,0.423274219,4.724
Ivory Coast,5.037734985,8.188968658,0.661375344,48.90000153,-0.096848264,0.7320979240000001,0.770940244,0.516654313,4.671
Ghana,5.481310843999999,8.349396706,0.669111073,56.79999924,0.082861453,0.783046365,0.8386099929999999,0.670288563,4.657
Senegal,4.683024883,7.812208176,0.743759334,59.20000076,-0.031085404,0.6869370340000001,0.8252418640000001,0.61072278,4.631
Laos,4.623140812,8.763640404,0.70733577,58.29999924,0.073066324,0.891000748,0.591616809,0.839935005,4.623
Tunisia,4.124342918,9.291855812,0.717381597,66.59999847,-0.23090978,0.47795665299999995,0.8688267470000001,0.25082731199999997,4.592
Albania,4.639548302,9.376145363,0.6376982929999999,68.40000153,-0.032642815,0.74961102,0.876134634,0.457737535,4.586
Sierra Leone,4.089562416000001,7.237275124,0.652287126,49.20000076,0.086719848,0.7106135490000001,0.8483983279999999,0.73751694,4.571000000000001
Congo (Brazzaville),4.883991241,8.493188858,0.655440509,57.29999924,-0.163537174,0.777783453,0.76278311,0.469826549,4.559
Bangladesh,4.309771061,8.167346954,0.7125527859999999,63.79999924,0.016269062,0.896217167,0.635014474,0.876646459,4.5
Sri Lanka,4.330945492,9.364697456,0.8227705959999999,67.0,0.088255383,0.827077389,0.8442100290000001,0.5175899270000001,4.471
Iraq,4.462399006,9.659119606,0.695109367,59.59999847,-0.037714854,0.627722025,0.757108808,0.42405077799999996,4.456
Mali,4.741850376,7.6080298420000005,0.741359413,51.20000076,-0.067120329,0.7532133459999999,0.862655163,0.504820108,4.447
Namibia,4.441306114,9.163438797000001,0.82833904,56.20000076,-0.196625322,0.810401857,0.8313028809999999,0.7458536029999999,4.441
Cambodia,4.585842133,8.201130867,0.7650949359999999,61.20000076,0.085995324,0.963774681,0.821022928,0.752442479,4.433
Burkina Faso,4.646891117,7.440206527999999,0.784761369,53.40000153,-0.054843456,0.6137747170000001,0.727451324,0.540656149,4.4239999999999995
Mozambique,4.279863358,7.035358906,0.678463697,53.20000076,-0.024964124,0.8226705190000001,0.682108939,0.7592343690000001,4.417
Kenya,4.475654125,8.004040717999999,0.714604318,59.5,0.249233559,0.8533943890000001,0.85400039,0.637862563,4.41
Zambia,3.932777405,8.213178635,0.74375391,54.79999924,0.12890443199999999,0.8231685759999999,0.7395406370000001,0.7170040609999999,4.377
Mauritania,4.6781597139999995,8.188031197,0.77922523,56.70000076,-0.135666266,0.527446806,0.777314067,0.292109728,4.356
Ethiopia,4.180315495,7.455834389,0.73353976,58.0,0.007518843000000001,0.717101216,0.75689894,0.768354297,4.35
Georgia,4.45077467,9.18451786,0.590495169,64.69999695,-0.23050585399999998,0.820908785,0.589631975,0.29639622600000004,4.34
Armenia,4.287736416,9.081094742000001,0.6979249120000001,66.59999847,-0.133957878,0.613697052,0.86468333,0.24690099100000001,4.321000000000001
Myanmar,4.1543416980000005,8.629019737,0.7951838370000001,58.70000076,0.629576743,0.886011839,0.6188215020000001,0.82417655,4.308
Chad,4.558937073,7.477691173999999,0.660615563,47.70000076,-0.004919504,0.614849687,0.792389929,0.473544389,4.301
Congo (Kinshasa),4.311033248999999,6.694726944,0.669688404,52.90000153,0.085066363,0.704239547,0.8091818690000001,0.47841229999999996,4.245
India,4.046111107,8.768212318,0.606767476,59.70000076,-0.053620495,0.88585043,0.780802786,0.8392784,4.19
Niger,4.615673542,6.830874443,0.582109571,53.0,-0.017152032,0.68355757,0.777660012,0.601117253,4.166
Uganda,4.000516891,7.437033652999999,0.739956141,55.29999924,0.069051787,0.7723441120000001,0.81577003,0.655109107,4.1610000000000005
Benin,4.853180885,7.63251543,0.435878992,53.90000153,-0.042811080999999994,0.72680825,0.767234623,0.615089297,4.141
Ukraine,4.311067104,8.973908424,0.858324885,64.30000305,0.017136369,0.598875523,0.936764002,0.11093653,4.103
Togo,4.360805035,7.26529932,0.5078052279999999,54.29999924,-0.042401545,0.716694415,0.725519598,0.48495236,3.9989999999999997
Guinea,4.873722553,7.600365162,0.634025574,53.29999924,0.046024639000000006,0.7382128240000001,0.7500262259999999,0.639980793,3.964
Lesotho,3.795300722,7.955478668,0.768551648,47.29999924,-0.153132945,0.7565051909999999,0.796859443,0.695299149,3.8080000000000003
Madagascar,4.078620433999999,7.255901337,0.626331985,58.70000076,-0.029692357000000003,0.570347905,0.847260773,0.541916132,3.7739999999999996
Zimbabwe,3.63830018,7.549490929,0.754147053,55.0,-0.069669798,0.752826095,0.751208007,0.682646692,3.6919999999999997
Afghanistan,2.66171813,7.497754574,0.49088007200000006,52.79999924,-0.112198286,0.427010864,0.9543925520000001,0.261178523,3.6319999999999997
Botswana,3.5048811439999996,9.668231964,0.7682586309999999,58.20000076,-0.25349327899999996,0.8173080090000001,0.731441498,0.770821095,3.59
Malawi,3.416862965,6.998548031,0.555422723,56.90000153,0.017441062,0.847920775,0.734636605,0.620332539,3.5869999999999997
Haiti,3.823865652,7.4104514120000005,0.646984994,55.5,0.380740523,0.484429151,0.647191584,0.435076952,3.582
Liberia,4.424490929,6.623783587999999,0.6848668459999999,55.29999924,0.035448756,0.7333899140000001,0.866806388,0.554991543,3.495
Rwanda,3.10837388,7.525214672000001,0.516550004,60.5,0.050674845,0.9081148509999999,0.213757217,0.981398344,3.408
Tanzania,3.347121239,7.894804001000001,0.705010295,57.0,0.104961358,0.800495505,0.6536060570000001,0.913339019,3.303
Central African Republic,3.475862026,6.494116783,0.319589138,45.20000076,0.09375435900000001,0.645252347,0.8895660040000001,0.650284886,3.083
